1630597330.954834 0.000000 0.000000 0.000000 0.000000 0.000000 0.000000 1.000000
1630597331.058472 -0.005493 0.012203 -0.001310 -0.000007 -0.000020 -0.000043 1.000000
1630597331.162232 -0.005004 0.018061 -0.003250 -0.000051 -0.000030 -0.000265 1.000000
1630597331.265869 0.001492 -0.000013 -0.000547 -0.000014 -0.000023 -0.000323 1.000000
1630597331.369629 0.003391 -0.006600 0.005351 0.000078 0.000034 -0.000094 1.000000
1630597331.473389 -0.002919 -0.003095 0.002855 0.000021 -0.000003 0.000001 1.000000
1630597331.577026 -0.010313 0.016571 -0.004575 -0.000088 -0.000068 -0.000113 1.000000
1630597331.680908 -0.006619 0.017567 -0.005887 -0.000087 -0.000068 -0.000255 1.000000
1630597331.784424 -0.004723 0.011281 -0.002830 0.000002 -0.000005 -0.000261 1.000000
1630597331.888184 -0.001407 0.011587 0.004193 0.000065 0.000032 -0.000246 1.000000
1630597331.991943 -0.000550 -0.003446 0.001156 0.000037 0.000017 -0.000071 1.000000
1630597332.095581 0.000044 -0.007448 -0.002042 -0.000046 -0.000050 -0.000202 1.000000
1630597332.199463 -0.009536 0.012735 -0.002753 -0.000060 -0.000078 -0.000231 1.000000
1630597332.303101 -0.004121 0.024160 -0.003773 -0.000051 -0.000065 -0.000360 1.000000
1630597332.406738 0.004205 0.011935 -0.000572 0.000012 -0.000000 -0.000395 1.000000
1630597332.510498 0.012332 -0.010214 0.002827 0.000060 0.000032 -0.000212 1.000000
1630597332.614258 0.001393 -0.009651 0.002889 0.000040 0.000026 0.000170 1.000000
1630597332.717896 -0.011546 0.007155 -0.000842 -0.000035 -0.000030 0.000073 1.000000
1630597332.821533 -0.009233 0.015508 -0.002750 -0.000043 -0.000033 -0.000328 1.000000
1630597332.925293 -0.000855 0.011556 -0.003771 -0.000054 -0.000041 -0.000406 1.000000
1630597333.028931 0.000256 0.003277 -0.002642 -0.000015 -0.000022 -0.000255 1.000000
1630597333.132568 -0.009531 0.013536 -0.002128 -0.000027 -0.000020 -0.000081 1.000000
1630597333.236328 -0.002735 0.000668 0.000023 0.000003 -0.000004 0.000122 1.000000
1630597333.339966 -0.005075 0.007417 -0.000893 -0.000006 -0.000026 -0.000175 1.000000
1630597333.443604 -0.008757 0.014771 -0.001538 -0.000026 -0.000035 -0.000258 1.000000
1630597333.547363 -0.008552 0.014355 -0.001104 -0.000021 -0.000016 -0.000312 1.000000
1630597333.651123 -0.006596 0.011844 -0.000016 -0.000004 0.000003 -0.000252 1.000000
1630597333.754761 -0.005195 0.008231 -0.001641 -0.000031 -0.000018 -0.000296 1.000000
1630597333.858399 -0.001782 0.003104 -0.002144 -0.000032 -0.000033 -0.000051 1.000000
1630597333.962158 0.014833 -0.002304 0.002190 0.000015 0.000004 0.000039 1.000000
1630597334.065918 0.020610 0.014494 0.000882 0.000012 0.000009 -0.000311 1.000000
1630597334.169678 0.011903 0.013655 -0.000667 -0.000009 -0.000011 -0.000579 1.000000
1630597334.273438 0.016969 0.021160 -0.000448 -0.000042 -0.000008 -0.000540 1.000000
1630597334.376953 0.022115 0.000767 0.001563 0.000010 0.000035 -0.000027 1.000000
1630597334.480713 0.002258 0.009571 0.000423 0.000005 0.000012 0.000255 1.000000
1630597334.584473 0.000057 0.025762 -0.001642 -0.000040 -0.000041 -0.000205 1.000000
1630597334.688110 -0.005526 0.013896 -0.003313 -0.000063 -0.000068 -0.000435 1.000000
1630597334.791870 -0.019177 0.013141 -0.001119 -0.000030 -0.000041 -0.000153 1.000000
1630597334.895508 -0.014223 0.001989 0.002518 0.000026 0.000012 0.000439 1.000000
1630597334.999268 -0.005443 -0.004976 0.002590 -0.000007 -0.000061 0.000570 1.000000
1630597335.103027 -0.021321 -0.000908 0.001503 -0.000080 -0.000176 0.000260 1.000000
1630597335.206543 -0.047871 -0.000142 0.002110 -0.000052 -0.000268 -0.000157 1.000000
1630597335.310303 -0.018632 -0.013099 0.007924 0.000114 -0.000505 -0.000669 1.000000
1630597335.414063 0.009546 0.011574 -0.008569 0.000160 -0.000710 -0.001075 0.999999
1630597335.517700 0.011000 0.036807 -0.023303 -0.000193 -0.000546 -0.000877 0.999999
1630597335.621460 0.007414 0.053732 -0.006669 -0.000542 -0.000272 -0.001423 0.999999
1630597335.725098 0.013405 0.043946 0.015496 -0.000318 0.000030 -0.002226 0.999997
1630597335.828858 0.036900 0.037547 0.005615 -0.000107 -0.000101 -0.003236 0.999995
1630597335.932617 0.052860 0.051400 -0.006329 -0.000156 -0.000241 -0.004182 0.999991
1630597336.036133 0.061619 0.055566 -0.008433 -0.000211 -0.000286 -0.004857 0.999988
1630597336.139893 0.065667 0.077579 -0.009501 -0.000281 -0.000421 -0.005871 0.999983
1630597336.243652 0.077047 0.101352 -0.000924 -0.000191 -0.000702 -0.007296 0.999973
1630597336.347290 0.109866 0.126949 0.012115 0.000033 -0.000865 -0.009454 0.999955
1630597336.450928 0.157871 0.176640 0.017329 -0.000043 -0.000883 -0.012325 0.999924
1630597336.554810 0.201581 0.219778 0.000243 -0.000628 -0.001157 -0.015703 0.999876
1630597336.658569 0.253034 0.259892 -0.018732 -0.000956 -0.001220 -0.019415 0.999810
1630597336.762207 0.306027 0.292969 -0.021022 -0.000429 -0.000649 -0.023529 0.999723
1630597336.865967 0.367152 0.337086 -0.011229 0.000755 0.000147 -0.028646 0.999589
1630597336.969849 0.453386 0.386319 0.000767 0.001965 0.000491 -0.034434 0.999405
1630597337.073486 0.544600 0.441599 0.018553 0.002471 0.000106 -0.040572 0.999174
1630597337.177246 0.629526 0.525739 0.019034 0.001600 -0.001012 -0.047073 0.998890
1630597337.281006 0.704687 0.612033 0.000372 -0.000282 -0.002376 -0.054148 0.998530
1630597337.384644 0.820560 0.680265 -0.013124 -0.001527 -0.003599 -0.061700 0.998087
1630597337.488281 0.954512 0.744671 -0.016400 -0.001226 -0.003715 -0.069263 0.997591
1630597337.592041 1.094996 0.831832 -0.016389 0.000170 -0.002611 -0.076735 0.997048
1630597337.695557 1.223820 0.934069 -0.009682 0.001561 -0.000991 -0.083957 0.996468
1630597337.799317 1.371642 1.021568 -0.009257 0.001884 -0.000263 -0.091163 0.995834
1630597337.902832 1.522471 1.110273 -0.015721 0.000969 -0.000636 -0.098103 0.995176
1630597338.006592 1.664300 1.209574 -0.026402 -0.000606 -0.001585 -0.104773 0.994495
1630597338.110108 1.819192 1.333776 -0.044483 -0.001900 -0.001940 -0.110738 0.993846
1630597338.213745 2.006829 1.463899 -0.027970 -0.001917 -0.000538 -0.115611 0.993293
1630597338.317383 2.206606 1.547603 -0.012355 -0.001128 0.001981 -0.119348 0.992850
1630597338.420899 2.402349 1.615178 -0.012698 -0.000969 0.003454 -0.122288 0.992488
1630597338.524536 2.591120 1.736663 -0.026009 -0.001667 0.003085 -0.124602 0.992201
1630597338.627930 2.779375 1.862392 -0.035858 -0.002441 0.002240 -0.125973 0.992028
1630597338.731690 2.973958 2.002142 -0.033984 -0.003110 0.001502 -0.126804 0.991922
1630597338.835327 3.185107 2.121188 -0.033361 -0.003496 0.001403 -0.127231 0.991866
1630597338.938965 3.389207 2.238878 -0.042739 -0.003497 0.002282 -0.127411 0.991841
1630597339.042725 3.612762 2.374671 -0.057616 -0.003230 0.003282 -0.127468 0.991832
1630597339.146607 3.856571 2.516310 -0.056863 -0.003348 0.003643 -0.127430 0.991835
1630597339.250366 4.098055 2.672327 -0.052633 -0.004067 0.002995 -0.127251 0.991858
1630597339.354248 4.330844 2.826920 -0.051267 -0.004572 0.002400 -0.126780 0.991917
1630597339.458130 4.562698 2.967223 -0.049213 -0.004967 0.002312 -0.126162 0.991995
1630597339.562012 4.831300 3.128810 -0.060752 -0.005309 0.002805 -0.125508 0.992074
1630597339.665772 5.110311 3.293079 -0.075586 -0.006028 0.003171 -0.124638 0.992179
1630597339.769653 5.374282 3.444894 -0.103180 -0.006676 0.002945 -0.123627 0.992302
1630597339.873413 5.625957 3.616435 -0.110696 -0.006320 0.002309 -0.122549 0.992440
1630597339.977173 5.892853 3.791237 -0.094111 -0.005533 0.001709 -0.121034 0.992631
1630597340.080811 6.166936 3.954170 -0.106348 -0.005276 0.002398 -0.119059 0.992870
1630597340.184570 6.447044 4.149617 -0.123687 -0.006257 0.002697 -0.116395 0.993180
1630597340.288086 6.731181 4.352484 -0.122627 -0.008648 0.000989 -0.113392 0.993512
1630597340.391846 7.035821 4.557603 -0.115142 -0.011750 -0.001992 -0.110700 0.993782
1630597340.495484 7.334889 4.750807 -0.129486 -0.013099 -0.003354 -0.108702 0.993982
1630597340.598999 7.620398 4.941899 -0.155210 -0.012765 -0.002623 -0.106928 0.994181
1630597340.702637 7.912524 5.135464 -0.174169 -0.012025 -0.002203 -0.105148 0.994381
1630597340.806152 8.224988 5.341829 -0.172763 -0.012073 -0.003482 -0.103442 0.994556
1630597340.909912 8.534720 5.546679 -0.182005 -0.012053 -0.005676 -0.101987 0.994696
1630597341.013428 8.813514 5.762233 -0.199851 -0.012463 -0.008190 -0.101068 0.994768
1630597341.117188 9.111460 5.987641 -0.196889 -0.012577 -0.009961 -0.100673 0.994790
1630597341.220947 9.429524 6.204780 -0.190171 -0.011754 -0.010549 -0.100411 0.994821
1630597341.324585 9.755747 6.411941 -0.193128 -0.010303 -0.010522 -0.099912 0.994887
1630597341.428467 10.061714 6.618510 -0.184872 -0.009678 -0.010049 -0.099461 0.994944
1630597341.532227 10.380308 6.840150 -0.176940 -0.010529 -0.010054 -0.098971 0.994984
1630597341.636109 10.702705 7.081381 -0.188882 -0.012037 -0.010887 -0.098458 0.995009
1630597341.739868 11.030232 7.324154 -0.211008 -0.012516 -0.011577 -0.097755 0.995064
1630597341.843628 11.353169 7.542365 -0.218198 -0.011657 -0.011548 -0.096825 0.995166
1630597341.947510 11.679491 7.760438 -0.209593 -0.009722 -0.011122 -0.095962 0.995275
1630597342.051148 12.030945 7.994738 -0.189016 -0.007943 -0.011417 -0.094935 0.995386
1630597342.154785 12.370986 8.238180 -0.181140 -0.006804 -0.012705 -0.093161 0.995547
1630597342.258545 12.680907 8.476883 -0.182698 -0.006759 -0.014309 -0.090531 0.995768
1630597342.362061 12.984487 8.710747 -0.186032 -0.007084 -0.015131 -0.087819 0.995996
1630597342.465820 13.318132 8.946991 -0.197395 -0.007004 -0.014847 -0.085219 0.996227
1630597342.569458 13.660733 9.200434 -0.211169 -0.006337 -0.013453 -0.083156 0.996426
1630597342.673096 14.024165 9.460610 -0.217523 -0.006024 -0.012321 -0.081616 0.996570
1630597342.776489 14.360354 9.700964 -0.185166 -0.007429 -0.011101 -0.080182 0.996691
1630597342.880127 14.692924 9.956257 -0.181729 -0.012074 -0.008476 -0.078376 0.996815
1630597342.983765 15.051181 10.246841 -0.142124 -0.016013 -0.006756 -0.076082 0.996950
1630597343.087525 15.377991 10.511885 -0.090324 -0.014045 -0.009482 -0.073761 0.997132
1630597343.191162 15.700923 10.738578 -0.163420 -0.009057 -0.015194 -0.071989 0.997249
1630597343.294922 16.024492 10.962235 -0.297362 -0.005619 -0.016906 -0.070463 0.997355
1630597343.398682 16.330463 11.213023 -0.275953 -0.004360 -0.016396 -0.068652 0.997496
1630597343.502319 16.640215 11.472861 -0.171087 -0.004753 -0.017967 -0.066879 0.997588
1630597343.606079 16.959683 11.750557 -0.189867 -0.007156 -0.019813 -0.065437 0.997634
1630597343.709961 17.288821 12.036768 -0.259002 -0.011488 -0.018086 -0.063524 0.997750
1630597343.813721 17.589835 12.267194 -0.196776 -0.014862 -0.013164 -0.061648 0.997900
1630597343.917603 17.888807 12.487124 -0.075685 -0.014754 -0.010283 -0.059925 0.998041
1630597344.021362 18.197014 12.739182 -0.065885 -0.011637 -0.011880 -0.057990 0.998179
1630597344.125000 18.495794 12.990850 -0.174015 -0.009312 -0.015831 -0.055756 0.998275
1630597344.228760 18.778404 13.229390 -0.241302 -0.009504 -0.018064 -0.053596 0.998354
1630597344.332520 19.063418 13.481643 -0.206387 -0.011140 -0.017238 -0.051897 0.998442
1630597344.436157 19.360677 13.736908 -0.169168 -0.012174 -0.015483 -0.050384 0.998536
1630597344.539795 19.663055 13.986368 -0.178814 -0.011597 -0.014323 -0.048764 0.998640
1630597344.643555 19.964905 14.238892 -0.191645 -0.010504 -0.014076 -0.047268 0.998728
1630597344.747315 20.273248 14.486520 -0.176692 -0.010075 -0.014582 -0.045947 0.998787
1630597344.850830 20.577501 14.751730 -0.156137 -0.010485 -0.014838 -0.044806 0.998830
1630597344.954590 20.885449 15.011377 -0.162056 -0.011246 -0.014344 -0.043975 0.998866
1630597345.058106 21.198576 15.290857 -0.191587 -0.011524 -0.013140 -0.043249 0.998911
1630597345.161865 21.521651 15.565474 -0.199438 -0.011313 -0.011788 -0.042282 0.998972
1630597345.265503 21.833264 15.829515 -0.188650 -0.010888 -0.010149 -0.041428 0.999031
1630597345.369141 22.152166 16.108685 -0.186196 -0.011496 -0.009331 -0.041067 0.999047
1630597345.472901 22.472818 16.402822 -0.194265 -0.012855 -0.010132 -0.040888 0.999030
1630597345.576660 22.779266 16.690337 -0.194037 -0.014235 -0.012125 -0.040724 0.998995
1630597345.680298 23.086155 16.948820 -0.172168 -0.014313 -0.013219 -0.040633 0.998984
1630597345.784180 23.415413 17.208612 -0.175417 -0.012973 -0.011853 -0.040817 0.999012
1630597345.887818 23.739981 17.477302 -0.192526 -0.010401 -0.009689 -0.040886 0.999063
1630597345.991577 24.048415 17.752961 -0.212554 -0.008452 -0.008420 -0.040898 0.999092
1630597346.095215 24.349958 18.029251 -0.219317 -0.009099 -0.008608 -0.041080 0.999077
1630597346.199097 24.656702 18.307562 -0.203155 -0.012306 -0.010284 -0.041308 0.999018
1630597346.302857 24.964859 18.572624 -0.174896 -0.014909 -0.011218 -0.041071 0.998982
1630597346.406616 25.266958 18.831660 -0.162205 -0.013998 -0.010166 -0.040663 0.999023
1630597346.510254 25.568903 19.092875 -0.206775 -0.012092 -0.008915 -0.040778 0.999055
1630597346.614014 25.889367 19.354771 -0.250994 -0.011330 -0.005945 -0.041052 0.999075
1630597346.717774 26.184531 19.604660 -0.218302 -0.010849 -0.003947 -0.041301 0.999080
1630597346.821289 26.470223 19.848785 -0.169340 -0.009026 -0.005127 -0.041588 0.999081
1630597346.925049 26.768072 20.102188 -0.192354 -0.007141 -0.007581 -0.041411 0.999088
1630597347.028565 27.041186 20.355332 -0.225398 -0.006397 -0.009803 -0.040745 0.999101
1630597347.132324 27.330369 20.602832 -0.235959 -0.006171 -0.007472 -0.040541 0.999131
1630597347.235962 27.620341 20.850275 -0.255672 -0.006650 -0.004802 -0.040640 0.999140
1630597347.339600 27.918661 21.094206 -0.251712 -0.006851 -0.003186 -0.040530 0.999150
1630597347.443360 28.194582 21.325137 -0.203411 -0.009231 -0.001505 -0.039661 0.999169
1630597347.546997 28.462901 21.581510 -0.209563 -0.013035 0.001162 -0.039122 0.999149
1630597347.650757 28.741062 21.846330 -0.262305 -0.018086 0.002213 -0.039419 0.999057
1630597347.754517 29.017388 22.089682 -0.329365 -0.020233 0.000474 -0.039985 0.998995
1630597347.858276 29.281307 22.307301 -0.325043 -0.015867 -0.002420 -0.039987 0.999071
1630597347.962036 29.522472 22.524546 -0.218932 -0.008388 -0.004991 -0.039690 0.999164
1630597348.065796 29.794257 22.750493 -0.125438 -0.004246 -0.005178 -0.040002 0.999177
1630597348.169556 30.072287 22.979742 -0.181777 -0.006348 -0.003403 -0.041087 0.999130
1630597348.273316 30.345610 23.207882 -0.349079 -0.011005 -0.001831 -0.042016 0.999055
1630597348.377197 30.605917 23.444446 -0.436393 -0.013657 -0.003231 -0.042510 0.998997
1630597348.480957 30.854588 23.689256 -0.340768 -0.013376 -0.006655 -0.042386 0.998990
1630597348.584595 31.125716 23.927973 -0.297724 -0.014751 -0.005963 -0.042214 0.998982
1630597348.688355 31.422573 24.164026 -0.270382 -0.016270 -0.001745 -0.042747 0.998952
1630597348.791992 31.693808 24.397042 -0.223774 -0.015044 0.001073 -0.043483 0.998940
1630597348.895752 31.948212 24.637091 -0.254184 -0.012810 0.000808 -0.043652 0.998964
1630597348.999268 32.236547 24.851077 -0.359634 -0.011221 0.000127 -0.043795 0.998977
1630597349.103027 32.532991 25.070088 -0.453566 -0.011387 0.002052 -0.044735 0.998932
1630597349.206665 32.807131 25.321917 -0.401179 -0.012439 0.006117 -0.045715 0.998858
1630597349.310303 33.089886 25.578371 -0.272660 -0.012794 0.009947 -0.045936 0.998813
1630597349.413941 33.379476 25.802223 -0.243780 -0.013565 0.008718 -0.046062 0.998808
1630597349.517578 33.674092 26.045317 -0.345592 -0.014670 0.003901 -0.046775 0.998790
1630597349.621216 33.931872 26.303157 -0.445401 -0.015440 -0.000129 -0.047142 0.998769
1630597349.724854 34.190314 26.553197 -0.443434 -0.013996 -0.000913 -0.046690 0.998811
1630597349.828613 34.475186 26.778400 -0.398611 -0.009292 0.000448 -0.046136 0.998892
1630597349.932373 34.781859 26.990906 -0.371727 -0.004842 0.001556 -0.046319 0.998914
1630597350.036011 35.100641 27.234567 -0.384133 -0.003658 0.002357 -0.046944 0.998888
1630597350.139771 35.394697 27.495130 -0.415195 -0.006163 0.002556 -0.047603 0.998844
1630597350.243530 35.668371 27.765275 -0.454451 -0.010973 0.001153 -0.048019 0.998785
1630597350.347290 35.955269 28.031590 -0.468623 -0.014867 -0.000486 -0.048108 0.998731
1630597350.451050 36.245488 28.282705 -0.461092 -0.016747 -0.001232 -0.047919 0.998710
1630597350.554688 36.542238 28.536302 -0.454334 -0.015922 -0.000152 -0.047991 0.998721
1630597350.658569 36.858283 28.781898 -0.467416 -0.013371 0.001966 -0.048686 0.998723
1630597350.762329 37.170813 29.017400 -0.476454 -0.011272 0.003611 -0.049348 0.998712
1630597350.865967 37.487591 29.267241 -0.490129 -0.011109 0.004040 -0.049493 0.998705
1630597350.969727 37.775088 29.527865 -0.489128 -0.013349 0.003102 -0.049589 0.998676
1630597351.073364 38.068291 29.806759 -0.504224 -0.016773 0.001000 -0.050017 0.998607
1630597351.177002 38.360386 30.067167 -0.518410 -0.018899 -0.000566 -0.050761 0.998532
1630597351.280762 38.668870 30.306084 -0.519553 -0.018308 -0.000004 -0.051852 0.998487
1630597351.384277 38.999578 30.541715 -0.537714 -0.015374 0.002783 -0.053381 0.998452
1630597351.488037 39.305464 30.785818 -0.564436 -0.012825 0.005736 -0.055043 0.998385
1630597351.591675 39.583333 31.039476 -0.576461 -0.013302 0.005939 -0.056339 0.998305
1630597351.695313 39.881312 31.294547 -0.570232 -0.016316 0.003340 -0.057243 0.998221
1630597351.798828 40.202941 31.535452 -0.574415 -0.019644 0.000118 -0.058224 0.998110
1630597351.902588 40.510238 31.776424 -0.587063 -0.019704 -0.000051 -0.059449 0.998037
1630597352.006348 40.792037 32.026199 -0.606331 -0.016183 0.003010 -0.060687 0.998021
1630597352.110108 41.083232 32.254835 -0.637961 -0.013424 0.005073 -0.061675 0.997993
1630597352.213867 41.386409 32.484436 -0.654426 -0.013775 0.004575 -0.062310 0.997951
1630597352.317505 41.677393 32.705604 -0.652608 -0.015404 0.003643 -0.062624 0.997912
1630597352.421265 41.953232 32.930173 -0.644625 -0.015499 0.004590 -0.063030 0.997881
1630597352.525025 42.232189 33.152676 -0.654225 -0.014069 0.006752 -0.063553 0.997856
1630597352.628662 42.524474 33.364908 -0.674331 -0.012659 0.008876 -0.063203 0.997881
1630597352.732422 42.781585 33.565274 -0.686226 -0.013164 0.008515 -0.061744 0.997969
1630597352.836182 42.990222 33.753193 -0.703267 -0.014658 0.005594 -0.060476 0.998046
1630597352.939697 43.215922 33.949442 -0.672098 -0.018226 0.001484 -0.059095 0.998085
1630597353.043457 43.465386 34.179291 -0.679353 -0.021036 0.000173 -0.057469 0.998126
1630597353.147217 43.697011 34.386763 -0.730078 -0.021015 0.002548 -0.056282 0.998190
1630597353.250977 43.960683 34.569089 -0.773398 -0.017128 0.007354 -0.055720 0.998272
1630597353.354614 44.238439 34.737928 -0.778872 -0.012382 0.010848 -0.055196 0.998340
1630597353.458252 44.496051 34.932879 -0.738377 -0.009878 0.011594 -0.054436 0.998401
1630597353.562012 44.715755 35.146536 -0.712473 -0.011846 0.009509 -0.053821 0.998435
1630597353.665650 44.923407 35.347943 -0.730300 -0.016162 0.007075 -0.053324 0.998421
1630597353.769409 45.142123 35.541702 -0.801390 -0.019133 0.006595 -0.052090 0.998437
1630597353.873169 45.370947 35.733970 -0.867896 -0.018406 0.007000 -0.050654 0.998522
1630597353.976807 45.615040 35.915338 -0.847088 -0.015152 0.006719 -0.048410 0.998690
1630597354.080567 45.845131 36.126402 -0.806417 -0.012782 0.006444 -0.044732 0.998896
1630597354.184204 46.114685 36.343082 -0.822351 -0.011518 0.008090 -0.041857 0.999024
1630597354.287964 46.339697 36.521762 -0.836802 -0.010308 0.009914 -0.040445 0.999079
1630597354.391602 46.525248 36.748147 -0.852754 -0.009400 0.010853 -0.038420 0.999159
1630597354.495239 46.734423 36.959848 -0.869120 -0.009475 0.010725 -0.035206 0.999278
1630597354.599121 47.009326 37.164060 -0.867706 -0.010211 0.009674 -0.031467 0.999406
1630597354.702637 47.274215 37.364457 -0.877339 -0.010783 0.008603 -0.028278 0.999505
1630597354.806397 47.523376 37.579963 -0.903423 -0.010735 0.008632 -0.025671 0.999576
1630597354.910156 47.748400 37.837535 -0.928819 -0.009568 0.010732 -0.023167 0.999628
1630597355.013794 48.005871 38.108353 -0.926500 -0.007712 0.013794 -0.020577 0.999663
1630597355.117676 48.282958 38.338603 -0.933774 -0.006172 0.016376 -0.017780 0.999689
1630597355.221436 48.564190 38.582880 -0.934644 -0.006515 0.016892 -0.014809 0.999726
1630597355.325073 48.849727 38.856654 -0.951551 -0.010515 0.013551 -0.011674 0.999785
1630597355.428955 49.108921 39.164985 -1.014014 -0.012336 0.011702 -0.008835 0.999816
1630597355.532715 49.402499 39.484104 -1.045122 -0.011096 0.012501 -0.006316 0.999840
1630597355.636231 49.729278 39.777540 -1.022207 -0.006506 0.015907 -0.004280 0.999843
1630597355.739990 50.068743 40.056852 -1.014849 -0.002899 0.018990 -0.002604 0.999812
1630597355.843750 50.374910 40.389106 -1.018773 -0.003626 0.019554 -0.000973 0.999802
1630597355.947266 50.674590 40.745955 -1.072234 -0.008039 0.018572 -0.000326 0.999795
1630597356.051026 50.992887 41.054274 -1.166659 -0.013516 0.013317 0.000778 0.999820
1630597356.154785 51.316941 41.391319 -1.171832 -0.015097 0.008204 0.003658 0.999846
1630597356.258301 51.618535 41.761192 -1.078051 -0.012386 0.007269 0.007036 0.999872
1630597356.362061 51.933850 42.119005 -1.051502 -0.008064 0.010756 0.009545 0.999864
1630597356.465576 52.285903 42.435010 -1.153100 -0.005382 0.014335 0.011766 0.999814
1630597356.569336 52.649156 42.767988 -1.242195 -0.005676 0.015648 0.014696 0.999753
1630597356.672974 52.937383 43.151749 -1.249111 -0.010826 0.013100 0.017708 0.999699
1630597356.776734 53.213308 43.553540 -1.209498 -0.018241 0.008062 0.020771 0.999585
1630597356.880371 53.525257 43.960314 -1.171699 -0.021130 0.004568 0.024532 0.999465
1630597356.984009 53.878190 44.317650 -1.217417 -0.017129 0.006859 0.027853 0.999442
1630597357.087647 54.229969 44.647480 -1.323070 -0.011032 0.012795 0.030270 0.999399
1630597357.191406 54.564263 44.991686 -1.362801 -0.009087 0.015833 0.032604 0.999302
1630597357.295288 54.886701 45.386720 -1.333048 -0.012688 0.014208 0.034599 0.999220
1630597357.399048 55.182274 45.815189 -1.292685 -0.016902 0.010868 0.036080 0.999147
1630597357.502686 55.473762 46.210406 -1.306344 -0.017558 0.009050 0.037759 0.999092
1630597357.606445 55.778725 46.570111 -1.372456 -0.013948 0.009475 0.040189 0.999050
1630597357.710327 56.107801 46.922695 -1.447552 -0.010268 0.009995 0.042606 0.998989
1630597357.814209 56.441515 47.311456 -1.476807 -0.009796 0.009119 0.044739 0.998909
1630597357.917969 56.768619 47.727727 -1.467875 -0.012174 0.008149 0.046691 0.998802
1630597358.021729 57.084239 48.131381 -1.434896 -0.015341 0.007526 0.047933 0.998704
1630597358.125366 57.395681 48.540353 -1.442949 -0.017283 0.007676 0.048235 0.998657
1630597358.229126 57.703731 48.967459 -1.499450 -0.018485 0.007288 0.047819 0.998658
1630597358.332764 58.046049 49.402967 -1.530332 -0.019704 0.006453 0.047300 0.998666
1630597358.436524 58.391552 49.822252 -1.541365 -0.020684 0.006440 0.046923 0.998664
1630597358.540283 58.734524 50.216737 -1.573515 -0.020594 0.007817 0.046374 0.998681
1630597358.643799 59.067824 50.648321 -1.594275 -0.020199 0.009461 0.044971 0.998739
1630597358.747559 59.421769 51.093244 -1.609547 -0.021728 0.009430 0.043012 0.998794
1630597358.851074 59.769424 51.545187 -1.652866 -0.024920 0.007208 0.040779 0.998831
1630597358.954956 60.129974 51.972002 -1.694903 -0.027597 0.005682 0.037737 0.998890
1630597359.058594 60.508487 52.371268 -1.728054 -0.027469 0.007800 0.033908 0.999017
1630597359.162354 60.883110 52.799230 -1.767682 -0.025889 0.009945 0.028739 0.999202
1630597359.265869 61.258252 53.256549 -1.781615 -0.026602 0.007241 0.022493 0.999367
1630597359.369629 61.658557 53.699196 -1.753421 -0.030324 0.001817 0.016234 0.999407
1630597359.473389 62.093165 54.131574 -1.771815 -0.028283 0.002491 0.010910 0.999537
1630597359.577026 62.537518 54.556114 -1.874458 -0.021940 0.007134 0.005487 0.999719
1630597359.680786 62.951612 54.969308 -1.995832 -0.019635 0.008537 -0.001207 0.999770
1630597359.784424 63.333847 55.382490 -2.024372 -0.024034 0.004021 -0.008409 0.999668
1630597359.888184 63.741431 55.848315 -1.947609 -0.027850 0.000495 -0.014184 0.999511
1630597359.991821 64.243529 56.296281 -1.926312 -0.026836 0.004927 -0.019092 0.999445
1630597360.095459 64.789515 56.683423 -1.953731 -0.023826 0.008285 -0.025002 0.999369
1630597360.199219 65.269122 57.099095 -2.034092 -0.022859 0.006855 -0.031776 0.999210
1630597360.302857 65.703577 57.549698 -2.141094 -0.024976 0.003294 -0.038413 0.998944
1630597360.406494 66.156317 57.997784 -2.176901 -0.028472 0.001358 -0.044626 0.998597
1630597360.510254 66.685795 58.412947 -2.165452 -0.032643 0.000976 -0.051014 0.998164
1630597360.613770 67.229420 58.819295 -2.100678 -0.030996 0.002263 -0.058263 0.997817
1630597360.717529 67.756161 59.215577 -2.146328 -0.026547 0.001571 -0.066006 0.997465
1630597360.821289 68.272731 59.616377 -2.286476 -0.023231 0.000319 -0.074270 0.996968
1630597360.925049 68.808021 60.023834 -2.365624 -0.026120 -0.001664 -0.082449 0.996252
1630597361.028931 69.349948 60.425674 -2.338224 -0.031214 -0.001159 -0.090517 0.995405
1630597361.132568 69.910559 60.796730 -2.349085 -0.033014 0.000735 -0.099360 0.994503
1630597361.236328 70.498285 61.171779 -2.343336 -0.032174 0.002747 -0.109250 0.993490
1630597361.340210 71.100722 61.542503 -2.333915 -0.032171 0.004095 -0.119870 0.992260
1630597361.443848 71.705287 61.901346 -2.380664 -0.034171 0.005300 -0.130266 0.990876
1630597361.547608 72.302806 62.244636 -2.467464 -0.036240 0.005200 -0.140359 0.989424
1630597361.651367 72.898770 62.584656 -2.534209 -0.037196 0.002860 -0.150785 0.987862
1630597361.755127 73.525343 62.894245 -2.547292 -0.035576 -0.000143 -0.161525 0.986227
1630597361.858887 74.148637 63.178749 -2.539685 -0.032216 -0.002953 -0.172621 0.984457
1630597361.962647 74.761737 63.451223 -2.542183 -0.030248 -0.004785 -0.184197 0.982412
1630597362.066162 75.400835 63.713024 -2.581195 -0.031532 -0.004805 -0.195443 0.980196
1630597362.169922 76.063882 63.971072 -2.628428 -0.035169 -0.003017 -0.205790 0.977959
1630597362.273438 76.717818 64.252685 -2.677655 -0.038256 -0.000717 -0.215750 0.975699
1630597362.377197 77.368815 64.517440 -2.709815 -0.037410 -0.000572 -0.225840 0.973446
1630597362.480591 78.000764 64.720680 -2.717835 -0.034458 -0.003596 -0.236425 0.971032
1630597362.584229 78.645427 64.868353 -2.710441 -0.032747 -0.006965 -0.247553 0.968296
1630597362.687866 79.291095 65.047799 -2.756532 -0.034285 -0.005814 -0.258295 0.965440
1630597362.791504 79.978897 65.254117 -2.777746 -0.037019 -0.001557 -0.268356 0.962607
1630597362.895142 80.669990 65.396644 -2.709712 -0.039189 -0.000848 -0.278391 0.959667
1630597362.998901 81.327166 65.511760 -2.719821 -0.040091 -0.003434 -0.289082 0.956458
1630597363.102539 81.965928 65.645994 -2.855575 -0.040623 -0.005859 -0.300753 0.952818
1630597363.206299 82.646227 65.796192 -2.986244 -0.042308 -0.004574 -0.312913 0.948828
1630597363.310181 83.361594 65.892336 -2.948565 -0.045494 -0.000101 -0.324930 0.944643
1630597363.413941 84.057264 65.915749 -2.817443 -0.048289 0.004370 -0.337818 0.939962
1630597363.517700 84.722682 65.951052 -2.732027 -0.050047 0.003822 -0.351737 0.934752
1630597363.621704 85.391229 66.008212 -2.872014 -0.048062 -0.002453 -0.366393 0.929215
1630597363.725464 86.086051 66.062355 -3.064809 -0.045199 -0.008764 -0.380683 0.923559
1630597363.829346 86.792067 66.056980 -3.113015 -0.043442 -0.011232 -0.394493 0.917803
1630597363.933228 87.512924 65.994468 -3.037846 -0.043081 -0.010735 -0.408227 0.911800
1630597364.036865 88.220009 65.916751 -3.029546 -0.041990 -0.009390 -0.422444 0.905367
1630597364.140625 88.941375 65.842276 -3.057299 -0.040644 -0.009396 -0.436657 0.898660
1630597364.244385 89.661380 65.745278 -3.070555 -0.040474 -0.011824 -0.450186 0.891938
1630597364.347901 90.388966 65.643209 -3.035536 -0.042573 -0.014298 -0.462576 0.885441
1630597364.451416 91.120311 65.506152 -3.070996 -0.045014 -0.016903 -0.473957 0.879234
1630597364.555054 91.842559 65.347817 -3.115390 -0.043866 -0.019398 -0.485030 0.873181
1630597364.658569 92.566344 65.166551 -3.096996 -0.039709 -0.021462 -0.496244 0.867009
1630597364.761963 93.289189 64.954967 -3.042526 -0.036667 -0.022968 -0.507083 0.860811
1630597364.865601 93.993350 64.706326 -2.990624 -0.035920 -0.020908 -0.515983 0.855590
1630597364.968994 94.714952 64.473980 -3.021925 -0.036267 -0.015383 -0.522923 0.851469
1630597365.072510 95.493770 64.268306 -3.105963 -0.034930 -0.010369 -0.529213 0.847706
1630597365.176026 96.272620 64.013562 -3.137908 -0.033309 -0.010356 -0.535100 0.844069
1630597365.279785 97.019092 63.723906 -3.058305 -0.032672 -0.015092 -0.540908 0.840311
1630597365.383301 97.740557 63.448597 -3.014683 -0.033764 -0.017809 -0.547272 0.836084
1630597365.487061 98.487054 63.162573 -3.036039 -0.034805 -0.016484 -0.553599 0.831892
1630597365.590820 99.250925 62.866220 -2.994732 -0.035732 -0.015940 -0.559015 0.828234
1630597365.694702 100.009272 62.549963 -2.950999 -0.035995 -0.016949 -0.563506 0.825153
1630597365.798706 100.782635 62.219563 -2.972488 -0.035848 -0.018288 -0.567198 0.822598
1630597365.902588 101.562263 61.875976 -3.008280 -0.037359 -0.019399 -0.570137 0.820471
1630597366.006470 102.340405 61.549253 -3.012253 -0.041993 -0.019371 -0.572581 0.818543
1630597366.110474 103.112638 61.213741 -2.979773 -0.046840 -0.017411 -0.574945 0.816664
1630597366.214356 103.890759 60.857367 -2.919421 -0.049161 -0.014891 -0.577092 0.815062
1630597366.318115 104.652278 60.497523 -2.866783 -0.049153 -0.013350 -0.579053 0.813698
1630597366.421997 105.437904 60.142778 -2.879400 -0.048195 -0.013160 -0.580343 0.812838
1630597366.525757 106.209233 59.782797 -2.932694 -0.048294 -0.013191 -0.580593 0.812653
1630597366.629395 106.978774 59.410616 -2.959298 -0.047865 -0.012708 -0.579981 0.813123
1630597366.733032 107.758312 59.031846 -2.946771 -0.046619 -0.012159 -0.578665 0.814141
1630597366.836670 108.514138 58.684681 -2.900664 -0.045464 -0.011717 -0.576974 0.815412
1630597366.940064 109.286537 58.334696 -2.889991 -0.044838 -0.010607 -0.574749 0.817032
1630597367.043579 110.076382 57.979764 -2.916417 -0.044259 -0.009130 -0.572239 0.818841
1630597367.147217 110.877471 57.634189 -2.940929 -0.044015 -0.008910 -0.569389 0.820841
1630597367.250610 111.658797 57.297455 -2.934751 -0.043481 -0.009976 -0.566040 0.823170
1630597367.354248 112.420665 56.979367 -2.903669 -0.042337 -0.010850 -0.562179 0.825860
1630597367.457886 113.193867 56.670232 -2.909214 -0.042131 -0.009449 -0.558251 0.828548
1630597367.561401 113.983554 56.348380 -2.940458 -0.044922 -0.005889 -0.554501 0.830949
1630597367.665161 114.788703 56.020886 -2.992019 -0.047885 -0.003416 -0.550552 0.833419
1630597367.768921 115.597454 55.710232 -3.009115 -0.047072 -0.005114 -0.546433 0.836163
1630597367.872681 116.393523 55.444854 -2.975649 -0.042866 -0.010754 -0.542718 0.838752
1630597367.976563 117.151254 55.168501 -2.933875 -0.041715 -0.014777 -0.539359 0.840912
1630597368.080444 117.943680 54.899651 -2.934260 -0.042455 -0.013524 -0.535931 0.843085
1630597368.184448 118.763382 54.616798 -2.927986 -0.042084 -0.008755 -0.532081 0.845602
1630597368.288208 119.596038 54.353470 -2.947869 -0.038906 -0.005953 -0.528374 0.848099
1630597368.392212 120.390022 54.109201 -3.016980 -0.037536 -0.007289 -0.524781 0.850378
1630597368.495972 121.166015 53.872352 -3.001269 -0.038850 -0.011768 -0.521205 0.852465
1630597368.599854 121.938892 53.626935 -2.939292 -0.038852 -0.014914 -0.517343 0.854766
1630597368.703613 122.719656 53.385270 -2.942714 -0.036158 -0.016887 -0.513645 0.857074
1630597368.807373 123.500595 53.163684 -2.964620 -0.034423 -0.017783 -0.510157 0.859208
1630597368.911133 124.333460 52.959249 -2.978028 -0.036818 -0.016224 -0.506413 0.861352
1630597369.014771 125.141042 52.763830 -3.071778 -0.037144 -0.011055 -0.502723 0.863578
1630597369.118286 125.929885 52.550988 -2.964764 -0.037686 -0.006989 -0.498846 0.865843
1630597369.221802 126.688483 52.361946 -2.841494 -0.037603 -0.007622 -0.495130 0.867971
1630597369.325318 127.473303 52.181026 -2.870010 -0.036643 -0.013170 -0.491150 0.870205
1630597369.428711 128.261888 52.022738 -2.973512 -0.035624 -0.018522 -0.486523 0.872744
1630597369.532349 129.052396 51.873438 -3.018335 -0.035202 -0.018306 -0.482307 0.875103
1630597369.635864 129.846378 51.702629 -2.968174 -0.035864 -0.013048 -0.478759 0.877117
1630597369.739502 130.634066 51.513966 -2.945508 -0.036448 -0.007234 -0.475323 0.879027
1630597369.843018 131.411240 51.347724 -3.001029 -0.034641 -0.004166 -0.471749 0.881043
1630597369.946777 132.189298 51.209676 -3.039217 -0.032139 -0.006535 -0.467900 0.883173
1630597370.050415 132.965466 51.105795 -2.967469 -0.031795 -0.013639 -0.463650 0.885343
1630597370.154175 133.730647 51.003231 -2.852816 -0.031569 -0.018515 -0.459176 0.887591
1630597370.258057 134.505096 50.896526 -2.795501 -0.031381 -0.016371 -0.454460 0.890064
1630597370.361817 135.310072 50.793098 -2.891071 -0.032487 -0.006660 -0.450663 0.892078
1630597370.465576 136.127467 50.652230 -3.090412 -0.036080 0.003256 -0.447773 0.893413
1630597370.569458 136.912449 50.517565 -3.172587 -0.036743 0.004632 -0.444553 0.894987
1630597370.673340 137.655171 50.451527 -3.000611 -0.031972 -0.004026 -0.440065 0.897387
1630597370.777222 138.410082 50.388584 -2.976130 -0.028845 -0.010238 -0.435581 0.899629
1630597370.881104 139.183480 50.315646 -3.128057 -0.029358 -0.007723 -0.431467 0.901618
1630597370.984863 139.981099 50.249362 -3.111542 -0.031043 -0.003657 -0.427509 0.903471
1630597371.088623 140.777571 50.185449 -2.988689 -0.032425 -0.002128 -0.423970 0.905093
1630597371.192139 141.536616 50.134302 -2.960790 -0.032387 -0.003331 -0.420410 0.906750
1630597371.295899 142.303240 50.085555 -3.025998 -0.031021 -0.006149 -0.416986 0.908363
1630597371.399658 143.054305 50.047913 -3.129691 -0.028738 -0.007971 -0.413425 0.910050
1630597371.503296 143.814199 50.004975 -3.180177 -0.027110 -0.008238 -0.409666 0.911795
1630597371.606812 144.583457 49.976413 -3.150081 -0.028191 -0.007987 -0.405870 0.913461
1630597371.710449 145.344867 49.972080 -3.087919 -0.031250 -0.007786 -0.402023 0.915063
1630597371.813965 146.103758 49.956174 -3.092868 -0.032516 -0.006732 -0.398250 0.916676
1630597371.917603 146.837353 49.944059 -3.124030 -0.032846 -0.005892 -0.394345 0.918356
1630597372.021240 147.567238 49.952317 -3.144807 -0.034301 -0.006201 -0.390308 0.920024
1630597372.124756 148.303245 49.981194 -3.164024 -0.035533 -0.007484 -0.385543 0.921975
1630597372.228394 149.005615 50.008773 -3.194141 -0.034888 -0.009122 -0.380023 0.924274
1630597372.332031 149.681954 50.010972 -3.180273 -0.033152 -0.009818 -0.374642 0.926525
1630597372.435547 150.366518 50.025962 -3.133163 -0.032928 -0.009551 -0.370041 0.928383
1630597372.539429 151.080145 50.073879 -3.146565 -0.034853 -0.009286 -0.365829 0.929983
1630597372.643067 151.777873 50.117020 -3.229256 -0.036007 -0.008242 -0.361341 0.931702
1630597372.746826 152.440428 50.157929 -3.302444 -0.034072 -0.006788 -0.355910 0.933874
1630597372.850586 153.077539 50.186845 -3.263755 -0.029831 -0.006455 -0.348560 0.936790
1630597372.954468 153.681101 50.243486 -3.180011 -0.027771 -0.009417 -0.338529 0.940499
1630597373.058228 154.259242 50.355018 -3.149677 -0.028030 -0.011917 -0.326422 0.944733
1630597373.161987 154.848843 50.485485 -3.198340 -0.028526 -0.010604 -0.313604 0.949066
1630597373.265625 155.441214 50.590986 -3.280652 -0.028826 -0.007370 -0.300113 0.953440
1630597373.369385 155.997880 50.699611 -3.316566 -0.028754 -0.005029 -0.285520 0.957928
1630597373.472901 156.517202 50.844342 -3.285576 -0.028195 -0.005370 -0.269042 0.962701
1630597373.576538 157.010688 51.029356 -3.241164 -0.026738 -0.006087 -0.250215 0.967802
1630597373.680176 157.513684 51.216790 -3.281482 -0.025765 -0.005671 -0.229969 0.972840
1630597373.783936 158.002564 51.406647 -3.332792 -0.026052 -0.004423 -0.209849 0.977377
1630597373.887451 158.431646 51.611058 -3.342748 -0.027782 -0.002636 -0.189751 0.981436
1630597373.991089 158.830732 51.841118 -3.303307 -0.029562 -0.001479 -0.168724 0.985219
1630597374.094727 159.210332 52.075724 -3.269992 -0.029012 -0.001225 -0.146454 0.988791
1630597374.198486 159.565342 52.306539 -3.316293 -0.026532 -0.000847 -0.123186 0.992028
1630597374.302246 159.892416 52.547111 -3.403461 -0.024826 -0.000496 -0.099455 0.994732
1630597374.406006 160.188866 52.808129 -3.433893 -0.026684 -0.001006 -0.075315 0.996802
1630597374.509766 160.478789 53.068971 -3.408460 -0.028831 -0.001420 -0.050708 0.998296
1630597374.613648 160.741510 53.340548 -3.395814 -0.028335 -0.000520 -0.025284 0.999279
1630597374.717651 160.977617 53.613110 -3.416397 -0.025649 0.001981 0.001055 0.999668
1630597374.821411 161.201557 53.887065 -3.433826 -0.022477 0.005245 0.027858 0.999345
1630597374.925171 161.378680 54.156305 -3.437445 -0.020740 0.007425 0.055515 0.998215
1630597375.029053 161.555371 54.450595 -3.439987 -0.020847 0.006935 0.084352 0.996194
1630597375.132813 161.695380 54.744094 -3.471192 -0.022019 0.003952 0.114356 0.993188
1630597375.236450 161.808500 55.037054 -3.534825 -0.021899 0.001922 0.144973 0.989191
1630597375.340088 161.915316 55.328562 -3.551692 -0.020838 0.003370 0.175987 0.984166
1630597375.443848 162.015386 55.630553 -3.528456 -0.019409 0.007568 0.207073 0.978104
1630597375.547241 162.078649 55.950513 -3.546665 -0.018126 0.010585 0.238136 0.971005
1630597375.650879 162.115707 56.280514 -3.574138 -0.018327 0.010828 0.270260 0.962552
1630597375.754639 162.120107 56.590902 -3.575950 -0.020037 0.009995 0.302974 0.952736
1630597375.858154 162.104456 56.874680 -3.574674 -0.021341 0.009798 0.334652 0.942049
1630597375.961914 162.079284 57.165437 -3.605174 -0.021416 0.009777 0.365087 0.930676
1630597376.065430 162.045529 57.468067 -3.607562 -0.021042 0.010519 0.395276 0.918261
1630597376.169068 161.996588 57.771037 -3.622603 -0.020248 0.012350 0.425809 0.904502
1630597376.272827 161.915154 58.078134 -3.656227 -0.019488 0.013886 0.456124 0.889595
1630597376.376587 161.806138 58.355173 -3.665741 -0.019396 0.015452 0.485644 0.873805
1630597376.480469 161.686557 58.601246 -3.678536 -0.020534 0.016868 0.514501 0.857078
1630597376.584229 161.556317 58.862654 -3.682274 -0.021587 0.018296 0.543074 0.839208
1630597376.687988 161.407060 59.131699 -3.705633 -0.021622 0.019314 0.571030 0.820417
1630597376.791870 161.222558 59.388843 -3.724258 -0.021168 0.020022 0.598339 0.800713
1630597376.895630 161.027127 59.602400 -3.738518 -0.020896 0.020897 0.625210 0.779897
1630597376.999390 160.830430 59.817064 -3.743429 -0.020521 0.021398 0.651334 0.758212
1630597377.103272 160.620639 60.009705 -3.755830 -0.019674 0.021531 0.677135 0.735281
1630597377.207031 160.385421 60.198433 -3.771381 -0.018646 0.022352 0.702515 0.711073
1630597377.310791 160.129843 60.385650 -3.782762 -0.017587 0.024840 0.727491 0.685442
1630597377.414551 159.860585 60.559414 -3.792156 -0.016196 0.027656 0.751935 0.658458
1630597377.518067 159.586843 60.712394 -3.795409 -0.015199 0.030428 0.775691 0.630195
1630597377.621704 159.298303 60.845994 -3.799890 -0.014251 0.032467 0.798644 0.600759
1630597377.725220 158.984017 60.946111 -3.804497 -0.012954 0.033506 0.820377 0.570694
1630597377.828735 158.634168 61.029029 -3.820857 -0.010999 0.033762 0.841009 0.539854
1630597377.932373 158.276955 61.105892 -3.828614 -0.008808 0.032767 0.860542 0.508249
1630597378.035889 157.912952 61.137406 -3.842579 -0.006795 0.032055 0.878322 0.476944
1630597378.139649 157.515691 61.145362 -3.850329 -0.005083 0.032166 0.894126 0.446630
1630597378.243286 157.109896 61.161872 -3.846757 -0.003608 0.033066 0.907948 0.417761
1630597378.347168 156.693865 61.159493 -3.829777 -0.003137 0.035066 0.920042 0.390234
1630597378.450928 156.259638 61.121051 -3.785402 -0.003534 0.036132 0.930681 0.364027
1630597378.554810 155.812103 61.050362 -3.778884 -0.004944 0.035521 0.939997 0.339293
1630597378.658814 155.348611 60.971428 -3.834493 -0.006304 0.034104 0.948333 0.315375
1630597378.762818 154.876888 60.870813 -3.857644 -0.006709 0.033724 0.955710 0.292294
1630597378.866821 154.418669 60.744790 -3.834864 -0.005762 0.035081 0.962073 0.270465
1630597378.970703 153.954864 60.574671 -3.786899 -0.002895 0.035164 0.967423 0.250696
1630597379.074585 153.484749 60.396136 -3.757770 0.001691 0.032176 0.971765 0.233741
1630597379.178467 153.007762 60.216028 -3.723267 0.005335 0.029531 0.975226 0.219167
1630597379.282105 152.523508 60.025170 -3.698938 0.006586 0.029786 0.977948 0.206610
1630597379.385742 152.033849 59.825020 -3.744742 0.004250 0.032320 0.980009 0.196262
1630597379.489380 151.548867 59.604146 -3.808178 0.000119 0.033353 0.981638 0.187813
1630597379.593018 151.066145 59.349061 -3.766366 -0.000345 0.029793 0.983016 0.181084
1630597379.696655 150.576076 59.083296 -3.634437 0.003512 0.023847 0.984113 0.175898
1630597379.800171 150.061787 58.827183 -3.520113 0.007582 0.021061 0.984794 0.172276
1630597379.903687 149.567850 58.602807 -3.532281 0.007944 0.025690 0.985165 0.169491
1630597380.007202 149.063438 58.391592 -3.657520 0.005460 0.035230 0.985257 0.167326
1630597380.110596 148.529421 58.166396 -3.754599 0.004538 0.039553 0.985336 0.165913
1630597380.213989 148.001099 57.897164 -3.682024 0.007766 0.033585 0.985457 0.166394
1630597380.317505 147.496583 57.582942 -3.575576 0.009255 0.025757 0.985095 0.169820
1630597380.421143 146.983846 57.291630 -3.548744 0.006015 0.023666 0.984294 0.174842
1630597380.524658 146.404401 57.046456 -3.509662 0.001746 0.026546 0.983205 0.180557
1630597380.628418 145.792110 56.828053 -3.436085 0.001317 0.028198 0.982084 0.186318
1630597380.731934 145.222638 56.586513 -3.425162 0.003691 0.026408 0.981022 0.192053
1630597380.835693 144.662524 56.320473 -3.479626 0.006950 0.023795 0.979892 0.197984
1630597380.939575 144.104751 56.046453 -3.502050 0.009411 0.023293 0.978503 0.204699
1630597381.043335 143.526831 55.819834 -3.454325 0.010790 0.025769 0.976657 0.212980
1630597381.147217 142.888183 55.615203 -3.341929 0.011811 0.028617 0.974361 0.222851
1630597381.251099 142.219977 55.422627 -3.253244 0.010909 0.027839 0.971976 0.233172
1630597381.354859 141.570148 55.244541 -3.311888 0.008280 0.023603 0.969729 0.242898
1630597381.458740 140.915970 55.037082 -3.447368 0.004864 0.020742 0.967503 0.251959
1630597381.562500 140.271987 54.832309 -3.471068 0.003065 0.022324 0.964930 0.261537
1630597381.666260 139.608657 54.672264 -3.336628 0.004832 0.025847 0.961953 0.271947
1630597381.770020 138.965140 54.544007 -3.207337 0.008086 0.027216 0.958905 0.282304
1630597381.873535 138.290471 54.418007 -3.168760 0.008468 0.026832 0.956014 0.291968
1630597381.977173 137.582650 54.277963 -3.215460 0.005139 0.026842 0.953102 0.301414
1630597382.080811 136.890670 54.152044 -3.256330 0.001902 0.027827 0.949941 0.311183
1630597382.184448 136.223150 54.071210 -3.238728 0.001582 0.029011 0.946598 0.321104
1630597382.287842 135.535687 54.002586 -3.199048 0.002402 0.029487 0.943136 0.331087
1630597382.391358 134.830652 53.922331 -3.187644 0.001795 0.029538 0.939503 0.341260
1630597382.495117 134.116741 53.860201 -3.178206 0.000430 0.028796 0.935828 0.351279
1630597382.598511 133.414123 53.819758 -3.146191 -0.001306 0.027728 0.932136 0.361042
1630597382.702271 132.715431 53.809275 -3.105532 -0.003023 0.027890 0.928334 0.370687
1630597382.805908 132.006346 53.809509 -3.085425 -0.003205 0.028951 0.924283 0.380596
1630597382.909668 131.278868 53.812707 -3.108194 -0.002159 0.029758 0.919933 0.390939
1630597383.013428 130.536889 53.807610 -3.123226 -0.000905 0.029139 0.915587 0.401062
1630597383.117188 129.809847 53.841516 -3.121348 -0.000714 0.027868 0.911328 0.410737
1630597383.221069 129.111323 53.904658 -3.113573 -0.001774 0.027138 0.907006 0.420239
1630597383.324951 128.390777 53.975596 -3.094801 -0.003942 0.027201 0.902486 0.429842
1630597383.428711 127.650758 54.059264 -3.066567 -0.006940 0.028980 0.897702 0.439595
1630597383.532471 126.903105 54.168163 -3.072527 -0.008535 0.029608 0.892967 0.449067
1630597383.636353 126.173600 54.296893 -3.112613 -0.007729 0.031719 0.888360 0.457985
1630597383.740112 125.470364 54.438961 -3.092788 -0.006639 0.034194 0.883997 0.466194
1630597383.843872 124.781899 54.570266 -3.030832 -0.006793 0.035224 0.879648 0.474271
1630597383.947510 124.061324 54.707379 -3.020971 -0.008786 0.034278 0.875025 0.482782
1630597384.051148 123.332304 54.881002 -3.085288 -0.010819 0.031532 0.870511 0.491019
1630597384.155029 122.630568 55.061141 -3.157956 -0.010612 0.030125 0.866026 0.498978
1630597384.258545 121.950493 55.235581 -3.145298 -0.006539 0.031556 0.861248 0.507162
1630597384.362305 121.276133 55.443544 -3.089167 -0.000898 0.032437 0.856260 0.515525
1630597384.465698 120.595084 55.651432 -3.019847 0.002535 0.030904 0.851384 0.523625
1630597384.569336 119.909223 55.866429 -3.034956 0.003003 0.026351 0.847010 0.530915
1630597384.673096 119.218903 56.087744 -2.991868 0.000052 0.022765 0.843218 0.537089
1630597384.776611 118.537136 56.336788 -3.040185 -0.002988 0.025012 0.839807 0.542300
1630597384.880249 117.855918 56.596429 -3.117424 -0.004508 0.028062 0.836636 0.547021
1630597384.983765 117.177644 56.871031 -3.152743 -0.005425 0.026691 0.833445 0.551931
1630597385.087525 116.510495 57.123433 -3.048844 -0.004869 0.022611 0.830467 0.556587
1630597385.191162 115.878000 57.388059 -2.954650 -0.002783 0.021478 0.827617 0.560875
1630597385.294922 115.272679 57.676157 -3.008029 -0.000533 0.026734 0.824650 0.565011
1630597385.398560 114.642317 57.968070 -3.133427 0.000627 0.033858 0.822006 0.568470
1630597385.502442 113.987494 58.255130 -3.139772 -0.001140 0.035392 0.819940 0.571353
1630597385.606323 113.353156 58.540146 -3.059089 -0.005498 0.031310 0.818122 0.574165
1630597385.710083 112.730643 58.825376 -3.013913 -0.009539 0.029429 0.816352 0.576725
1630597385.814087 112.103123 59.113668 -3.009175 -0.009668 0.031376 0.814493 0.579244
1630597385.917847 111.477362 59.413710 -3.028794 -0.006410 0.034389 0.813139 0.581017
1630597386.021485 110.865727 59.707184 -3.076462 -0.003220 0.035334 0.812533 0.581834
1630597386.125366 110.265182 60.003067 -3.107895 -0.002499 0.034439 0.812428 0.582039
1630597386.229004 109.662008 60.302113 -3.098292 -0.004354 0.033249 0.812284 0.582298
1630597386.332764 109.042450 60.603767 -3.064946 -0.007318 0.032894 0.812020 0.582657
1630597386.436524 108.424836 60.904428 -3.077087 -0.008202 0.033754 0.811946 0.582699
1630597386.540039 107.828684 61.200090 -3.090629 -0.007311 0.034466 0.812379 0.582065
1630597386.643799 107.218443 61.485009 -3.072609 -0.006888 0.035124 0.813107 0.581013
1630597386.747315 106.621358 61.766005 -3.064927 -0.007105 0.034485 0.813740 0.580162
1630597386.851074 106.028248 62.056671 -3.091399 -0.007601 0.032823 0.814060 0.579802
1630597386.954590 105.429343 62.336371 -3.114450 -0.008092 0.032153 0.814444 0.579294
1630597387.058350 104.818519 62.605931 -3.112151 -0.008539 0.033531 0.814889 0.578584
1630597387.162110 104.216043 62.863427 -3.098383 -0.008407 0.035624 0.815275 0.577916
1630597387.265869 103.592302 63.141324 -3.079652 -0.008417 0.036011 0.815702 0.577289
1630597387.369507 102.984623 63.423098 -3.094341 -0.008854 0.034533 0.816472 0.576283
1630597387.473145 102.391530 63.706469 -3.113514 -0.009427 0.033581 0.817599 0.574731
1630597387.577026 101.789371 63.995788 -3.101915 -0.009596 0.034568 0.818802 0.572954
1630597387.680786 101.179327 64.264116 -3.129027 -0.010414 0.036866 0.819825 0.571331
1630597387.784424 100.581492 64.512521 -3.163641 -0.011147 0.038459 0.821099 0.569379
1630597387.888306 99.961277 64.763989 -3.167092 -0.010786 0.038135 0.822846 0.566881
1630597387.991943 99.348900 65.043910 -3.146190 -0.010035 0.037137 0.825067 0.563723
1630597388.095703 98.744707 65.321657 -3.164180 -0.010213 0.037461 0.827678 0.559858
1630597388.199463 98.129503 65.573775 -3.187388 -0.011450 0.038975 0.830386 0.555706
1630597388.303101 97.505533 65.810240 -3.172868 -0.012900 0.039914 0.833386 0.551098
1630597388.406860 96.888670 66.022677 -3.127235 -0.013334 0.039382 0.836866 0.545826
1630597388.510498 96.290212 66.245028 -3.150994 -0.012475 0.039199 0.840587 0.540112
1630597388.614258 95.665240 66.458999 -3.213408 -0.011937 0.039275 0.844468 0.534031
1630597388.717774 95.015922 66.663144 -3.258852 -0.013707 0.039569 0.848412 0.527677
1630597388.821411 94.364887 66.857235 -3.213971 -0.017701 0.039704 0.852400 0.521080
1630597388.925049 93.715905 67.035736 -3.144111 -0.020966 0.039963 0.856997 0.513341
1630597389.028687 93.104056 67.189997 -3.140908 -0.019642 0.040098 0.862114 0.504743
1630597389.132324 92.488676 67.334620 -3.217881 -0.012314 0.041560 0.867440 0.495650
1630597389.235962 91.876194 67.484873 -3.214220 -0.004485 0.043251 0.873038 0.485711
1630597389.339722 91.254079 67.635700 -3.141705 -0.003332 0.045091 0.878444 0.475702
1630597389.443360 90.629167 67.740354 -3.141390 -0.005444 0.043679 0.884192 0.465045
1630597389.547119 89.966956 67.811351 -3.214742 -0.008352 0.040792 0.890509 0.453055
1630597389.650879 89.326305 67.853830 -3.290811 -0.009887 0.039735 0.896803 0.440532
1630597389.754639 88.701082 67.905839 -3.281125 -0.008566 0.041742 0.902852 0.427834
1630597389.858399 88.071569 67.966894 -3.164609 -0.005826 0.045494 0.908708 0.414904
1630597389.962158 87.442651 68.004468 -3.076674 -0.003251 0.048896 0.914580 0.401425
1630597390.065918 86.812360 67.968909 -3.068945 -0.000358 0.047273 0.920625 0.387575
1630597390.169800 86.195506 67.915380 -3.114922 0.002110 0.042083 0.926573 0.373747
1630597390.273560 85.587594 67.871868 -3.085391 0.003378 0.043532 0.931944 0.359965
1630597390.377319 84.978660 67.832359 -3.089394 0.004079 0.046926 0.937077 0.345931
1630597390.480957 84.355123 67.785439 -3.114333 0.003940 0.047311 0.941804 0.332794
1630597390.584839 83.743259 67.686241 -3.066371 0.004395 0.043918 0.946050 0.320999
1630597390.688599 83.169296 67.548365 -2.950035 0.004804 0.040800 0.950209 0.308893
1630597390.792236 82.568054 67.433686 -2.893672 0.004034 0.041028 0.954215 0.296267
1630597390.895996 81.962176 67.324525 -2.935314 0.003178 0.040981 0.957778 0.284557
1630597390.999878 81.364285 67.177751 -2.962022 0.001804 0.038835 0.960911 0.274115
1630597391.103516 80.772282 67.001744 -2.918378 0.000113 0.037203 0.963670 0.264492
1630597391.207276 80.184118 66.813876 -2.838767 -0.001993 0.038536 0.966227 0.254788
1630597391.310913 79.601026 66.638278 -2.774477 -0.002900 0.040214 0.968773 0.244648
1630597391.414673 79.036757 66.437718 -2.756468 -0.000968 0.038613 0.971403 0.234274
1630597391.518311 78.471222 66.212828 -2.818385 0.002740 0.034563 0.974046 0.223677
1630597391.621948 77.890326 65.975094 -2.904635 0.004424 0.032975 0.976487 0.212993
1630597391.725464 77.330498 65.755116 -2.863403 0.002580 0.034387 0.978719 0.202286
1630597391.829102 76.774462 65.542017 -2.678752 -0.001138 0.037135 0.980666 0.192130
1630597391.932617 76.217528 65.295103 -2.545935 -0.002256 0.038296 0.982413 0.182739
1630597392.036377 75.666944 64.984558 -2.581220 0.001138 0.036570 0.984240 0.173010
1630597392.139771 75.142569 64.672677 -2.689696 0.006456 0.032179 0.986165 0.162484
1630597392.243530 74.621266 64.362643 -2.672820 0.006250 0.029851 0.987993 0.151460
1630597392.347168 74.065998 64.079781 -2.641067 0.004584 0.031562 0.989431 0.141455
1630597392.450928 73.534079 63.795746 -2.615921 0.005785 0.035137 0.990563 0.132348
1630597392.554688 73.014258 63.489080 -2.548062 0.009613 0.037237 0.991668 0.122943
1630597392.658447 72.519772 63.135627 -2.461118 0.012752 0.036626 0.992840 0.112980
1630597392.762207 72.040389 62.764952 -2.422192 0.013827 0.034209 0.994063 0.102354
1630597392.865845 71.535254 62.388731 -2.437896 0.011976 0.031615 0.995173 0.092129
1630597392.969727 71.014193 62.034165 -2.460985 0.009657 0.030111 0.996081 0.082603
1630597393.073486 70.502772 61.682875 -2.416429 0.007747 0.029885 0.996859 0.072926
1630597393.177246 70.021248 61.297278 -2.366079 0.006505 0.029632 0.997547 0.063090
1630597393.280884 69.568327 60.881812 -2.302163 0.006630 0.028110 0.998126 0.053946
1630597393.384766 69.132805 60.475824 -2.268089 0.007811 0.026640 0.998619 0.044612
1630597393.488526 68.676079 60.068223 -2.205164 0.008922 0.025000 0.999028 0.035182
1630597393.592163 68.197606 59.680663 -2.202275 0.006736 0.027242 0.999269 0.025943
1630597393.695801 67.729974 59.271050 -2.265065 0.006244 0.028191 0.999428 0.017625
1630597393.799561 67.326511 58.834815 -2.253000 0.007890 0.026021 0.999577 0.010299
1630597393.903198 66.937014 58.385871 -2.113812 0.013393 0.021662 0.999666 0.004320
1630597394.006958 66.545566 57.967644 -2.036072 0.018234 0.020278 0.999628 -0.000486
1630597394.110718 66.136261 57.555836 -2.099052 0.017318 0.023979 0.999552 -0.004585
1630597394.214356 65.719554 57.124953 -2.148490 0.013900 0.026362 0.999523 -0.008109
1630597394.318115 65.325355 56.676216 -2.057605 0.012379 0.024026 0.999568 -0.011581
1630597394.421875 64.953690 56.233394 -1.949198 0.013444 0.019563 0.999609 -0.014792
1630597394.525635 64.569236 55.801415 -1.953785 0.016733 0.015893 0.999583 -0.017371
1630597394.629395 64.195140 55.377929 -2.003603 0.019734 0.015536 0.999503 -0.019074
1630597394.732910 63.802963 54.951263 -1.987315 0.021716 0.017779 0.999406 -0.019975
1630597394.836670 63.382430 54.528541 -1.953510 0.017151 0.025665 0.999324 -0.019992
1630597394.940430 62.972327 54.110959 -1.832519 0.016004 0.030352 0.999210 -0.020063
1630597395.044068 62.586448 53.665772 -1.745271 0.020385 0.028031 0.999199 -0.020022
1630597395.147705 62.211620 53.179215 -1.742111 0.023982 0.020794 0.999282 -0.020695
1630597395.251343 61.810027 52.706045 -1.819540 0.022624 0.017708 0.999328 -0.022743
1630597395.354981 61.395226 52.262691 -1.832336 0.016990 0.021106 0.999309 -0.025439
1630597395.458618 61.021801 51.801775 -1.724961 0.013329 0.025503 0.999232 -0.026584
1630597395.562256 60.629168 51.344316 -1.617532 0.015229 0.025031 0.999258 -0.025010
1630597395.666016 60.190268 50.931366 -1.569395 0.020530 0.019489 0.999331 -0.023172
1630597395.769531 59.784317 50.505909 -1.590377 0.022692 0.013821 0.999386 -0.022821
1630597395.873169 59.432442 50.043064 -1.601669 0.019053 0.011914 0.999485 -0.022901
1630597395.976807 59.084259 49.611668 -1.607016 0.014059 0.013565 0.999558 -0.022413
1630597396.080567 58.724734 49.239739 -1.562802 0.013251 0.014523 0.999578 -0.021408
1630597396.184204 58.375778 48.857171 -1.521130 0.015071 0.012317 0.999612 -0.019925
1630597396.287842 58.039545 48.473918 -1.482284 0.015715 0.010303 0.999651 -0.018571
1630597396.391724 57.717785 48.107185 -1.457424 0.015303 0.010004 0.999679 -0.017525
1630597396.495484 57.412135 47.771526 -1.422809 0.015377 0.010731 0.999684 -0.016745
1630597396.599365 57.112675 47.452180 -1.430236 0.015907 0.011499 0.999684 -0.015733
1630597396.703003 56.827955 47.143304 -1.425912 0.017180 0.012404 0.999670 -0.014556
1630597396.806763 56.548587 46.803980 -1.417677 0.017947 0.013043 0.999663 -0.013454
1630597396.910523 56.255748 46.505146 -1.393840 0.017359 0.014219 0.999666 -0.012812
1630597397.014282 55.951843 46.226643 -1.364934 0.015953 0.015576 0.999677 -0.012162
1630597397.117920 55.661551 45.939558 -1.350352 0.014986 0.016327 0.999690 -0.011311
1630597397.221680 55.408817 45.651801 -1.340380 0.014459 0.015976 0.999713 -0.010477
1630597397.325440 55.192805 45.355839 -1.319160 0.014908 0.014854 0.999733 -0.009500
1630597397.428955 54.938589 45.085369 -1.294709 0.015986 0.013766 0.999738 -0.008900
1630597397.532715 54.663439 44.820804 -1.286595 0.017170 0.012440 0.999737 -0.008773
1630597397.636231 54.399789 44.564575 -1.281557 0.016789 0.011971 0.999752 -0.008407
1630597397.739990 54.174499 44.299172 -1.259763 0.014688 0.012820 0.999778 -0.007995
1630597397.843506 53.937028 44.056341 -1.249892 0.012816 0.014370 0.999786 -0.007524
1630597397.947266 53.690722 43.810539 -1.242540 0.013024 0.015107 0.999778 -0.006845
1630597398.050781 53.447011 43.541234 -1.213246 0.015237 0.014720 0.999757 -0.006135
1630597398.154541 53.216738 43.281669 -1.172351 0.018247 0.012247 0.999740 -0.006101
1630597398.258301 53.011353 43.019101 -1.145933 0.021900 0.006507 0.999721 -0.005924
1630597398.362061 52.791599 42.736171 -1.169693 0.025174 -0.001628 0.999665 -0.005845
1630597398.465820 52.545755 42.466373 -1.244827 0.025864 -0.005781 0.999633 -0.005577
1630597398.569458 52.296657 42.253811 -1.271600 0.021731 0.001498 0.999753 -0.004404
1630597398.673218 52.053332 42.069391 -1.163631 0.016798 0.014148 0.999757 -0.001938
1630597398.777100 51.805426 41.877059 -1.066733 0.019666 0.015489 0.999687 -0.000243
1630597398.880860 51.588517 41.621959 -1.061984 0.022160 0.011321 0.999690 0.000823
1630597398.984497 51.397996 41.343705 -1.092240 0.022357 0.008859 0.999707 0.002608
1630597399.088379 51.203369 41.100667 -1.064363 0.026143 0.007937 0.999613 0.005186
1630597399.192139 50.998968 40.877031 -1.114091 0.029992 0.007933 0.999495 0.006916
1630597399.295899 50.751939 40.648844 -1.187176 0.028026 0.009000 0.999543 0.006885
1630597399.399658 50.478831 40.461102 -1.111601 0.022873 0.009357 0.999671 0.006816
1630597399.503174 50.248392 40.273220 -0.956027 0.018793 0.009915 0.999744 0.007790
1630597399.606934 50.036302 40.044248 -0.887506 0.018678 0.010845 0.999728 0.008772
1630597399.710449 49.819567 39.804025 -0.971850 0.020628 0.012830 0.999661 0.009353
1630597399.814209 49.597870 39.600423 -1.086137 0.023210 0.014012 0.999582 0.010007
1630597399.917725 49.366741 39.388593 -1.109900 0.022572 0.015367 0.999571 0.010552
1630597400.021485 49.140759 39.172946 -1.015635 0.020516 0.014325 0.999617 0.011855
1630597400.125000 48.919851 38.946113 -0.882759 0.020088 0.011560 0.999632 0.014116
1630597400.228760 48.714696 38.699764 -0.871986 0.022088 0.009543 0.999576 0.016416
1630597400.332398 48.468681 38.471182 -0.949534 0.023373 0.010238 0.999509 0.018159
1630597400.436157 48.215447 38.251610 -0.949204 0.021213 0.013130 0.999488 0.020043
1630597400.539917 47.955276 38.031167 -0.905064 0.017019 0.016808 0.999453 0.022834
1630597400.643677 47.690322 37.800651 -0.861635 0.014785 0.017988 0.999379 0.026465
1630597400.747437 47.395280 37.545831 -0.870759 0.015806 0.015679 0.999300 0.030062
1630597400.851318 47.105920 37.268209 -0.881002 0.018864 0.011928 0.999185 0.033634
1630597400.955078 46.813318 37.000811 -0.871849 0.020206 0.010564 0.999033 0.037590
1630597401.058960 46.479171 36.743621 -0.850639 0.016747 0.014447 0.998872 0.042010
1630597401.162720 46.142693 36.502771 -0.825542 0.011807 0.020528 0.998650 0.046224
1630597401.266358 45.814939 36.255092 -0.792236 0.009948 0.023654 0.998418 0.050028
1630597401.370239 45.502023 35.983431 -0.804892 0.012716 0.021955 0.998276 0.052923
1630597401.473877 45.175575 35.663445 -0.792619 0.016141 0.019679 0.998192 0.054452
1630597401.577515 44.814163 35.321629 -0.757986 0.017992 0.018138 0.998142 0.055310
1630597401.681030 44.420392 35.016576 -0.734200 0.014760 0.019540 0.998128 0.056045
1630597401.784668 44.009516 34.750078 -0.728308 0.009068 0.022648 0.998153 0.055638
1630597401.888306 43.579078 34.442762 -0.725523 0.004501 0.025021 0.998187 0.054550
1630597401.991699 43.181462 34.085943 -0.714992 0.004912 0.021221 0.998289 0.054261
1630597402.095215 42.818889 33.719984 -0.656646 0.009479 0.014413 0.998395 0.053935
1630597402.198853 42.437279 33.358351 -0.620303 0.012552 0.011049 0.998469 0.052724
1630597402.302490 42.013494 33.029198 -0.624096 0.011859 0.013471 0.998546 0.050830
1630597402.406128 41.543339 32.698050 -0.643197 0.008420 0.019581 0.998570 0.049035
1630597402.509888 41.096575 32.367458 -0.649412 0.006910 0.022723 0.998559 0.048131
1630597402.613526 40.673255 31.992721 -0.631731 0.008053 0.021175 0.998613 0.047526
1630597402.717407 40.276883 31.582664 -0.591637 0.010385 0.017501 0.998706 0.046607
1630597402.821289 39.858191 31.193968 -0.557792 0.011380 0.015634 0.998788 0.045263
1630597402.925049 39.372153 30.809458 -0.554292 0.010600 0.016379 0.998861 0.043542
1630597403.028931 38.910077 30.429036 -0.544373 0.008983 0.017460 0.998935 0.041744
1630597403.132813 38.481184 30.054602 -0.516474 0.007083 0.018541 0.998998 0.040107
1630597403.236694 38.034753 29.636391 -0.486390 0.006869 0.018253 0.999060 0.038704
1630597403.340454 37.583715 29.212096 -0.463022 0.008903 0.015673 0.999126 0.037707
1630597403.444214 37.107000 28.792522 -0.456416 0.010807 0.012758 0.999171 0.037123
1630597403.548096 36.612145 28.380308 -0.435340 0.010309 0.011332 0.999217 0.036483
1630597403.651856 36.140679 27.966112 -0.423421 0.006959 0.012064 0.999238 0.036464
1630597403.755371 35.695099 27.517025 -0.449363 0.005355 0.011898 0.999210 0.037530
1630597403.859131 35.214209 27.088471 -0.446089 0.009273 0.007486 0.999175 0.038819
1630597403.962647 34.707018 26.660051 -0.424540 0.011654 0.006994 0.999099 0.040216
1630597404.066406 34.199752 26.235179 -0.397489 0.012102 0.012877 0.998963 0.041949
1630597404.169922 33.712550 25.826322 -0.308306 0.014947 0.016316 0.998777 0.044219
1630597404.273682 33.204239 25.415734 -0.235520 0.015408 0.015743 0.998656 0.046911
1630597404.377197 32.707307 25.001242 -0.265225 0.011213 0.012611 0.998652 0.049080
1630597404.480713 32.201570 24.556592 -0.313890 0.004291 0.010933 0.998646 0.050683
1630597404.584473 31.683736 24.120853 -0.263716 0.000922 0.012425 0.998556 0.052261
1630597404.687988 31.157198 23.702150 -0.271739 0.000099 0.013230 0.998448 0.054105
1630597404.791748 30.628129 23.276570 -0.289654 0.000972 0.011110 0.998401 0.055412
1630597404.895264 30.118179 22.838208 -0.252816 0.003926 0.008553 0.998380 0.056106
1630597404.999024 29.599813 22.413205 -0.197996 0.006419 0.008511 0.998322 0.056925
1630597405.102661 29.074035 21.999407 -0.210034 0.006511 0.013161 0.998218 0.057839
1630597405.206421 28.534529 21.579569 -0.297385 0.003003 0.017245 0.998118 0.058772
1630597405.310181 27.974457 21.134731 -0.404271 -0.002273 0.012832 0.998131 0.059702
1630597405.414063 27.410949 20.663790 -0.281171 -0.008350 0.004178 0.998108 0.060768
1630597405.517822 26.847774 20.205692 -0.017078 -0.010903 -0.000099 0.998100 0.060641
1630597405.621582 26.321841 19.811842 0.072335 -0.008685 0.005126 0.998127 0.060334
1630597405.725342 25.812744 19.413180 -0.127055 -0.002514 0.016353 0.998058 0.060050
1630597405.829224 25.279273 18.988006 -0.393424 0.000789 0.023975 0.997953 0.059278
1630597405.932861 24.698974 18.514093 -0.404242 -0.003309 0.021866 0.998085 0.057768
1630597406.036743 24.120384 18.037059 -0.217521 -0.010243 0.013207 0.998289 0.056030
1630597406.140381 23.600381 17.577026 -0.199191 -0.011664 0.008907 0.998406 0.054493
1630597406.244141 23.078393 17.141221 -0.238131 -0.007156 0.010317 0.998533 0.052678
1630597406.347901 22.508713 16.696199 -0.143719 -0.003660 0.013401 0.998609 0.050865
1630597406.451416 21.938176 16.228344 -0.074434 -0.004412 0.016430 0.998625 0.049589
1630597406.555176 21.389044 15.762765 -0.092304 -0.006104 0.015604 0.998657 0.049026
1630597406.658814 20.843497 15.300643 -0.187396 -0.008451 0.012804 0.998695 0.048705
1630597406.762451 20.307217 14.840667 -0.248114 -0.010088 0.010561 0.998714 0.048550
1630597406.866089 19.756848 14.374646 -0.224571 -0.010512 0.010918 0.998702 0.048620
1630597406.969849 19.198326 13.911905 -0.147299 -0.010136 0.012497 0.998692 0.048538
1630597407.073486 18.640902 13.438838 -0.099757 -0.010115 0.012801 0.998701 0.048264
1630597407.177124 18.095300 12.959089 -0.133659 -0.010654 0.012205 0.998709 0.048141
1630597407.280884 17.557120 12.490717 -0.190615 -0.010983 0.011638 0.998719 0.048009
1630597407.384522 17.008834 12.022379 -0.220411 -0.013186 0.010293 0.998706 0.048027
1630597407.488281 16.433038 11.551224 -0.175547 -0.014815 0.005759 0.998727 0.047863
1630597407.592041 15.873025 11.093557 -0.062763 -0.012080 0.004150 0.998778 0.047750
1630597407.695679 15.339777 10.650711 -0.059696 -0.007879 0.008057 0.998801 0.047631
1630597407.799317 14.849362 10.230333 -0.188061 -0.004535 0.014907 0.998720 0.048122
1630597407.903076 14.367005 9.781358 -0.372320 -0.004572 0.017397 0.998641 0.048911
1630597408.006958 13.848198 9.309726 -0.366466 -0.008188 0.011687 0.998696 0.049013
1630597408.110596 13.302992 8.887809 -0.125610 -0.011981 0.002848 0.998753 0.048372
1630597408.214356 12.750778 8.472796 0.093850 -0.012076 0.000156 0.998784 0.047794
1630597408.318115 12.271606 8.067666 0.066540 -0.006729 0.005525 0.998829 0.047591
1630597408.421631 11.850364 7.669342 -0.181603 0.000408 0.013702 0.998749 0.048087
1630597408.525391 11.410236 7.264337 -0.349422 0.004439 0.016108 0.998670 0.048767
1630597408.629151 10.923062 6.850791 -0.332079 0.002230 0.012021 0.998721 0.049055
1630597408.732788 10.401132 6.420430 -0.178150 -0.003212 0.005784 0.998802 0.048495
1630597408.836426 9.923850 5.990329 -0.203199 -0.004772 0.003964 0.998825 0.048063
1630597408.940064 9.452420 5.603031 -0.232751 0.000007 0.007465 0.998828 0.047811
1630597409.043701 8.978486 5.244985 -0.150148 0.005738 0.011627 0.998773 0.047790
1630597409.147217 8.524963 4.867208 -0.047959 0.008710 0.013512 0.998701 0.048352
1630597409.251099 8.055767 4.472317 -0.060619 0.008092 0.012076 0.998695 0.048951
1630597409.354736 7.595130 4.088415 -0.106172 0.006634 0.006799 0.998763 0.048802
1630597409.458496 7.179508 3.658102 -0.178991 0.004700 0.001832 0.998820 0.048312
1630597409.562256 6.767505 3.238335 -0.194111 0.004468 0.000174 0.998828 0.048185
1630597409.665894 6.289300 2.880300 -0.120238 0.006247 0.002734 0.998816 0.048162
1630597409.769653 5.810833 2.536931 -0.000126 0.010322 0.004536 0.998786 0.047943
1630597409.873413 5.366816 2.151711 0.051833 0.013542 0.003337 0.998749 0.048011
1630597409.977051 4.955063 1.752955 -0.006023 0.012986 0.001961 0.998772 0.047770
1630597410.080811 4.532679 1.374092 -0.061885 0.010620 0.002101 0.998817 0.047408
1630597410.184570 4.068964 1.023157 -0.047706 0.009650 0.001301 0.998827 0.047428
1630597410.288330 3.629413 0.649510 -0.027752 0.009565 -0.000403 0.998823 0.047541
1630597410.392090 3.200556 0.267896 -0.011787 0.009305 -0.002644 0.998833 0.047318
1630597410.495728 2.758993 -0.089082 0.001606 0.008140 -0.004045 0.998869 0.046662
1630597410.599487 2.317355 -0.463767 0.036391 0.007458 -0.004691 0.998888 0.046319
1630597410.703125 1.897733 -0.854457 0.044002 0.007865 -0.004556 0.998885 0.046333
1630597410.806885 1.481066 -1.208746 0.011386 0.008577 -0.003884 0.998892 0.046113
1630597410.910645 1.062936 -1.561098 -0.018330 0.008733 -0.002863 0.998914 0.045674
1630597411.014282 0.626150 -1.936321 -0.019742 0.008584 -0.001802 0.998933 0.045349
1630597411.118042 0.206499 -2.315937 -0.009221 0.008004 -0.001042 0.998947 0.045154
1630597411.221680 -0.226907 -2.695270 -0.000838 0.008559 -0.002687 0.998962 0.044651
1630597411.325440 -0.676561 -3.047517 0.026367 0.008358 -0.003362 0.999000 0.043804
1630597411.429077 -1.132257 -3.408648 0.056787 0.007246 -0.000758 0.999045 0.043093
1630597411.532715 -1.576108 -3.823178 0.045593 0.005976 0.002497 0.999077 0.042453
1630597411.636475 -2.039462 -4.214438 0.052291 0.004988 0.001894 0.999112 0.041787
1630597411.740112 -2.514527 -4.617890 0.050108 0.003522 -0.003237 0.999156 0.040803
1630597411.843994 -2.949956 -5.061265 -0.033652 0.003788 -0.011800 0.999153 0.039247
1630597411.947510 -3.388256 -5.515769 -0.144143 0.004275 -0.016458 0.999136 0.037916
1630597412.051270 -3.873031 -5.935814 -0.128927 0.006292 -0.014616 0.999186 0.037076
1630597412.155029 -4.366073 -6.328653 -0.083223 0.009825 -0.005461 0.999269 0.036526
1630597412.258789 -4.841716 -6.718586 0.068249 0.016311 0.003667 0.999213 0.035976
1630597412.362549 -5.320150 -7.152044 0.203842 0.022540 0.003376 0.999119 0.035233
1630597412.466187 -5.812768 -7.628776 0.152540 0.021943 -0.006794 0.999154 0.034120
1630597412.569824 -6.300077 -8.134027 -0.068829 0.009267 -0.012001 0.999326 0.033427
1630597412.673584 -6.815827 -8.581184 -0.261196 0.000030 -0.011938 0.999364 0.033603
1630597412.777344 -7.318283 -9.020412 -0.235701 0.003748 -0.008617 0.999357 0.034595
1630597412.880982 -7.817884 -9.448881 0.034306 0.013958 -0.005582 0.999272 0.035078
1630597412.984741 -8.305472 -9.892811 0.099734 0.016880 -0.003978 0.999218 0.035521
1630597413.088501 -8.844609 -10.354522 -0.004036 0.014938 -0.002285 0.999260 0.035384
1630597413.192139 -9.401272 -10.814015 -0.050972 0.012334 -0.001372 0.999301 0.035265
1630597413.295899 -9.943602 -11.277343 0.008567 0.010824 -0.001507 0.999326 0.035038
1630597413.399536 -10.472909 -11.762288 0.073534 0.010219 -0.002398 0.999347 0.034560
1630597413.503296 -11.000539 -12.235379 0.074585 0.009761 -0.002712 0.999358 0.034379
1630597413.606934 -11.549602 -12.714332 0.050814 0.008750 -0.001895 0.999386 0.033885
1630597413.710449 -12.103270 -13.200608 0.049392 0.007133 0.000174 0.999424 0.033178
1630597413.814209 -12.660792 -13.693879 0.045638 0.005580 0.002411 0.999448 0.032651
