1630597330.954834 -5.034410 0.359958 0.019046 0.014737 -0.009092 -0.275669 0.961097
1630597331.058472 -5.034405 0.359962 0.019044 0.014711 -0.009076 -0.275665 0.961098
1630597331.162232 -5.034407 0.359958 0.019043 0.014726 -0.009074 -0.275658 0.961100
1630597331.265869 -5.034416 0.359960 0.019045 0.014731 -0.009112 -0.275648 0.961103
1630597331.369629 -5.034401 0.359959 0.019047 0.014721 -0.009052 -0.275653 0.961102
1630597331.473389 -5.034412 0.359961 0.019044 0.014724 -0.009100 -0.275647 0.961103
1630597331.577026 -5.034408 0.359964 0.019042 0.014708 -0.009091 -0.275653 0.961102
1630597331.680908 -5.034406 0.359962 0.019045 0.014717 -0.009079 -0.275645 0.961104
1630597331.784424 -5.034412 0.359958 0.019045 0.014737 -0.009101 -0.275649 0.961102
1630597331.888184 -5.034399 0.359954 0.019044 0.014733 -0.009042 -0.275646 0.961104
1630597331.991943 -5.034414 0.359954 0.019042 0.014752 -0.009094 -0.275650 0.961102
1630597332.095581 -5.034404 0.359956 0.019046 0.014734 -0.009065 -0.275649 0.961103
1630597332.199463 -5.034407 0.359956 0.019046 0.014738 -0.009074 -0.275667 0.961097
1630597332.303101 -5.034410 0.359951 0.019043 0.014757 -0.009086 -0.275669 0.961096
1630597332.406738 -5.034394 0.359944 0.019043 0.014766 -0.009017 -0.275664 0.961098
1630597332.510498 -5.034406 0.359951 0.019045 0.014755 -0.009073 -0.275659 0.961100
1630597332.614258 -5.034396 0.359953 0.019046 0.014735 -0.009033 -0.275657 0.961101
1630597332.717896 -5.034406 0.359949 0.019043 0.014761 -0.009064 -0.275667 0.961097
1630597332.821533 -5.034400 0.359945 0.019044 0.014770 -0.009040 -0.275675 0.961095
1630597332.925293 -5.034400 0.359941 0.019045 0.014788 -0.009033 -0.275664 0.961098
1630597333.028931 -5.034410 0.359948 0.019044 0.014770 -0.009079 -0.275669 0.961096
1630597333.132568 -5.034399 0.359949 0.019043 0.014751 -0.009043 -0.275662 0.961099
1630597333.236328 -5.034403 0.359951 0.019044 0.014750 -0.009056 -0.275654 0.961101
1630597333.339966 -5.034405 0.359943 0.019044 0.014780 -0.009055 -0.275660 0.961099
1630597333.443604 -5.034401 0.359954 0.019044 0.014737 -0.009048 -0.275656 0.961101
1630597333.547363 -5.034409 0.359957 0.019043 0.014735 -0.009085 -0.275671 0.961096
1630597333.651123 -5.034398 0.359954 0.019045 0.014736 -0.009040 -0.275671 0.961097
1630597333.754761 -5.034403 0.359954 0.019045 0.014741 -0.009063 -0.275661 0.961099
1630597333.858399 -5.034410 0.359962 0.019044 0.014720 -0.009093 -0.275663 0.961099
1630597333.962158 -5.034390 0.359964 0.019045 0.014683 -0.009017 -0.275656 0.961102
1630597334.065918 -5.034397 0.359963 0.019044 0.014703 -0.009051 -0.275651 0.961103
1630597334.169678 -5.034380 0.359948 0.019044 0.014731 -0.008960 -0.275662 0.961100
1630597334.273438 -5.034373 0.359974 0.019045 0.014637 -0.008967 -0.275649 0.961105
1630597334.376953 -5.034396 0.359958 0.019045 0.014719 -0.009029 -0.275673 0.961096
1630597334.480713 -5.034379 0.359963 0.019046 0.014677 -0.008976 -0.275672 0.961098
1630597334.584473 -5.034380 0.359961 0.019046 0.014689 -0.008987 -0.275681 0.961095
1630597334.688110 -5.034402 0.359962 0.019039 0.014720 -0.009041 -0.275641 0.961105
1630597334.791870 -5.034568 0.360113 0.018966 0.014678 -0.009119 -0.275544 0.961133
1630597334.895508 -5.034718 0.360388 0.018850 0.014641 -0.009192 -0.275563 0.961128
1630597334.999268 -5.034726 0.360807 0.018728 0.014532 -0.009250 -0.275692 0.961092
1630597335.103027 -5.034199 0.361327 0.018546 0.014569 -0.009418 -0.275871 0.961038
1630597335.206543 -5.031829 0.362115 0.018125 0.014647 -0.009593 -0.276062 0.960980
1630597335.310303 -5.026376 0.363667 0.017661 0.014816 -0.009899 -0.276257 0.960919
1630597335.414063 -5.017403 0.366198 0.017807 0.014792 -0.009906 -0.276558 0.960832
1630597335.517700 -5.007131 0.369488 0.019083 0.014406 -0.009557 -0.276862 0.960754
1630597335.621460 -4.996915 0.372685 0.019929 0.014046 -0.009441 -0.277229 0.960655
1630597335.725098 -4.985665 0.374944 0.020079 0.014224 -0.009488 -0.277700 0.960516
1630597335.828858 -4.972907 0.377215 0.020560 0.014264 -0.009375 -0.278263 0.960353
1630597335.932617 -4.958586 0.379955 0.021059 0.014314 -0.009300 -0.278966 0.960149
1630597336.036133 -4.941893 0.383490 0.021419 0.014289 -0.009383 -0.279847 0.959892
1630597336.139893 -4.921334 0.387560 0.021739 0.014270 -0.009544 -0.280917 0.959579
1630597336.243652 -4.894763 0.392206 0.021887 0.014336 -0.009860 -0.282381 0.959145
1630597336.347290 -4.859891 0.397580 0.022278 0.014573 -0.010024 -0.284202 0.958601
1630597336.450928 -4.815648 0.405241 0.023400 0.014320 -0.010036 -0.286438 0.957939
1630597336.554810 -4.761489 0.415193 0.025188 0.013843 -0.010015 -0.289392 0.957058
1630597336.658569 -4.698155 0.424372 0.027740 0.013822 -0.009788 -0.292697 0.956055
1630597336.762207 -4.627221 0.431257 0.030555 0.014396 -0.009433 -0.296539 0.954865
1630597336.865967 -4.549038 0.437090 0.032803 0.015552 -0.009308 -0.301294 0.953359
1630597336.969849 -4.462347 0.443680 0.034746 0.016617 -0.009355 -0.306374 0.951720
1630597337.073486 -4.366211 0.453308 0.036631 0.016866 -0.009522 -0.311775 0.949959
1630597337.177246 -4.259430 0.466821 0.038291 0.016033 -0.009924 -0.317894 0.947939
1630597337.281006 -4.142557 0.481206 0.039573 0.014861 -0.010481 -0.324524 0.945703
1630597337.384644 -4.015969 0.492909 0.040624 0.014221 -0.010951 -0.331312 0.943351
1630597337.488281 -3.879183 0.500536 0.042040 0.014202 -0.011023 -0.338189 0.940907
1630597337.592041 -3.732611 0.504782 0.044373 0.014759 -0.010661 -0.345216 0.938347
1630597337.695557 -3.577463 0.505886 0.047561 0.015633 -0.009964 -0.352069 0.935791
1630597337.799317 -3.412928 0.506680 0.050740 0.016205 -0.009249 -0.358742 0.933250
1630597337.902832 -3.240175 0.510068 0.053302 0.016033 -0.008869 -0.365342 0.930693
1630597338.006592 -3.058627 0.515339 0.055339 0.014917 -0.008967 -0.371646 0.928211
1630597338.110108 -2.868753 0.517879 0.057843 0.014061 -0.008673 -0.377356 0.925921
1630597338.213745 -2.669914 0.514077 0.061747 0.013989 -0.007744 -0.382144 0.923964
1630597338.317383 -2.462891 0.505403 0.067027 0.014749 -0.005992 -0.386151 0.922298
1630597338.420899 -2.249737 0.497747 0.071847 0.015235 -0.004654 -0.389511 0.920884
1630597338.524536 -2.031158 0.493942 0.075160 0.015141 -0.004362 -0.392118 0.919780
1630597338.627930 -1.806705 0.492892 0.077549 0.014362 -0.004430 -0.393820 0.919065
1630597338.731690 -1.574476 0.492464 0.078941 0.013469 -0.004774 -0.394869 0.918626
1630597338.835327 -1.334255 0.490265 0.080611 0.013104 -0.004793 -0.395534 0.918345
1630597338.938965 -1.085109 0.485147 0.083115 0.013112 -0.004161 -0.395812 0.918229
1630597339.042725 -0.827762 0.478875 0.085625 0.013487 -0.003599 -0.395875 0.918198
1630597339.146607 -0.562834 0.475188 0.088190 0.013397 -0.003374 -0.395944 0.918171
1630597339.250366 -0.290893 0.473789 0.090600 0.012661 -0.003527 -0.395788 0.918248
1630597339.354248 -0.011343 0.471775 0.092481 0.012371 -0.003482 -0.395488 0.918381
1630597339.458130 0.275863 0.469978 0.093656 0.011843 -0.003465 -0.395076 0.918566
1630597339.562012 0.570273 0.468034 0.095768 0.011553 -0.003186 -0.394458 0.918836
1630597339.665772 0.871118 0.467874 0.098300 0.010731 -0.003009 -0.393677 0.919181
1630597339.769653 1.177770 0.467744 0.100482 0.010469 -0.003154 -0.392907 0.919513
1630597339.873413 1.489524 0.466771 0.101930 0.010736 -0.003537 -0.391873 0.919950
1630597339.977173 1.808728 0.464889 0.103159 0.011051 -0.003483 -0.390442 0.920554
1630597340.080811 2.134750 0.466280 0.104972 0.011090 -0.003084 -0.388807 0.921248
1630597340.184570 2.466258 0.474882 0.107803 0.009979 -0.003628 -0.386663 0.922160
1630597340.288086 2.802855 0.489300 0.110048 0.007750 -0.004771 -0.384280 0.923172
1630597340.391846 3.146110 0.505043 0.111709 0.005633 -0.005591 -0.381980 0.924137
1630597340.495484 3.494467 0.518903 0.112820 0.004451 -0.006329 -0.379981 0.924962
1630597340.598999 3.848788 0.530946 0.115529 0.003743 -0.006246 -0.377999 0.925777
1630597340.702637 4.207828 0.542632 0.119405 0.003718 -0.006076 -0.376166 0.926525
1630597340.806152 4.567912 0.556717 0.123034 0.003668 -0.007131 -0.374534 0.927179
1630597340.909912 4.930637 0.574184 0.127576 0.003080 -0.008753 -0.373288 0.927669
1630597341.013428 5.294870 0.595449 0.132127 0.002009 -0.010790 -0.372375 0.928017
1630597341.117188 5.662994 0.616123 0.135581 0.001450 -0.012745 -0.371778 0.928233
1630597341.220947 6.035982 0.632086 0.138602 0.001993 -0.013668 -0.371152 0.928469
1630597341.324585 6.413260 0.646420 0.141298 0.002838 -0.014505 -0.370691 0.928639
1630597341.428467 6.796978 0.661172 0.145870 0.003724 -0.014444 -0.370223 0.928823
1630597341.532227 7.184659 0.680466 0.153972 0.002951 -0.014609 -0.369768 0.929005
1630597341.636109 7.575679 0.703105 0.164729 0.001735 -0.014835 -0.369287 0.929195
1630597341.739868 7.968960 0.724323 0.175417 0.001344 -0.015061 -0.368685 0.929431
1630597341.843628 8.364314 0.741676 0.184794 0.001845 -0.015211 -0.367946 0.929721
1630597341.947510 8.761982 0.757922 0.192652 0.003253 -0.015584 -0.367205 0.930004
1630597342.051148 9.160942 0.776790 0.200088 0.004065 -0.016494 -0.366154 0.930399
1630597342.154785 9.561953 0.798329 0.208619 0.004953 -0.017809 -0.364453 0.931038
1630597342.258545 9.966851 0.824650 0.219375 0.005046 -0.018891 -0.362537 0.931764
1630597342.362061 10.374407 0.853664 0.231356 0.005039 -0.019576 -0.360467 0.932553
1630597342.465820 10.786916 0.881671 0.242915 0.005519 -0.019596 -0.358158 0.933439
1630597342.569458 11.202956 0.910274 0.253860 0.006119 -0.019145 -0.356178 0.934202
1630597342.673096 11.622268 0.943160 0.264976 0.006118 -0.018678 -0.354460 0.934865
1630597342.776489 12.047692 0.979459 0.277096 0.004866 -0.016801 -0.352756 0.935552
1630597342.880127 12.480323 1.020613 0.288998 0.001863 -0.013418 -0.350971 0.936288
1630597342.983765 12.904038 1.064502 0.303842 -0.000244 -0.012462 -0.349141 0.936987
1630597343.087525 13.313399 1.104687 0.320854 0.000900 -0.015453 -0.347474 0.937562
1630597343.191162 13.718809 1.141326 0.336007 0.002930 -0.018732 -0.345617 0.938184
1630597343.294922 14.127704 1.179213 0.347404 0.004253 -0.019965 -0.343772 0.938831
1630597343.398682 14.535226 1.220958 0.353208 0.005100 -0.020956 -0.342014 0.939447
1630597343.502319 14.936201 1.268219 0.352910 0.005288 -0.024044 -0.340381 0.939965
1630597343.606079 15.338429 1.321241 0.361751 0.003831 -0.025117 -0.339132 0.940396
1630597343.709961 15.746117 1.374166 0.388103 0.000408 -0.022322 -0.337217 0.941162
1630597343.813721 16.150133 1.421711 0.417322 -0.001224 -0.018370 -0.335437 0.941883
1630597343.917603 16.543510 1.466919 0.435529 -0.000694 -0.016983 -0.333936 0.942442
1630597344.021362 16.926366 1.513005 0.442491 0.000656 -0.017993 -0.331991 0.943111
1630597344.125000 17.304327 1.562890 0.446848 0.001332 -0.019741 -0.329878 0.943816
1630597344.228760 17.682102 1.617336 0.455006 0.001013 -0.020989 -0.328117 0.944403
1630597344.332520 18.061862 1.673279 0.467611 0.000379 -0.021159 -0.326490 0.944964
1630597344.436157 18.444129 1.728098 0.481403 0.000103 -0.020565 -0.324863 0.945537
1630597344.539795 18.828627 1.781573 0.493566 0.000602 -0.019920 -0.323243 0.946106
1630597344.643555 19.215865 1.836754 0.504323 0.001264 -0.019624 -0.321760 0.946617
1630597344.747315 19.606379 1.895739 0.514732 0.001285 -0.019804 -0.320485 0.947046
1630597344.850830 20.000925 1.957169 0.525976 0.001087 -0.019665 -0.319427 0.947406
1630597344.954590 20.401980 2.019420 0.537961 0.000819 -0.019071 -0.318517 0.947725
1630597345.058106 20.806555 2.080638 0.549409 0.001164 -0.018360 -0.317651 0.948029
1630597345.161865 21.217206 2.142426 0.559691 0.001568 -0.017484 -0.316791 0.948333
1630597345.265503 21.632265 2.205521 0.569450 0.001884 -0.015913 -0.316159 0.948571
1630597345.369141 22.047756 2.272725 0.580108 0.001245 -0.015464 -0.315683 0.948738
1630597345.472901 22.462391 2.342596 0.591873 0.000341 -0.015584 -0.315266 0.948875
1630597345.576660 22.875340 2.412895 0.603557 -0.000474 -0.016289 -0.315037 0.948940
1630597345.680298 23.288381 2.479155 0.614252 -0.000394 -0.016225 -0.315000 0.948953
1630597345.784180 23.702701 2.541425 0.622429 0.000473 -0.015678 -0.315038 0.948949
1630597345.887818 24.113588 2.601893 0.628718 0.001818 -0.015693 -0.314975 0.948968
1630597345.991577 24.523977 2.663598 0.637145 0.003064 -0.015313 -0.315055 0.948945
1630597346.095215 24.932758 2.730197 0.648616 0.002538 -0.015105 -0.315251 0.948885
1630597346.199097 25.339067 2.801110 0.661676 0.000828 -0.015266 -0.315317 0.948863
1630597346.302857 25.741375 2.870043 0.673017 -0.000118 -0.015414 -0.315221 0.948893
1630597346.406616 26.141056 2.933046 0.680739 0.000126 -0.015181 -0.315074 0.948946
1630597346.510254 26.539279 2.991807 0.687568 0.001173 -0.014351 -0.315158 0.948930
1630597346.614014 26.939074 3.048721 0.694447 0.001898 -0.012001 -0.315159 0.948961
1630597346.717774 27.328532 3.102726 0.704313 0.004010 -0.010260 -0.315283 0.948934
1630597346.821289 27.707164 3.161836 0.716728 0.004749 -0.012416 -0.315676 0.948774
1630597346.925049 28.082437 3.221408 0.729408 0.006335 -0.013035 -0.315658 0.948763
1630597347.028565 28.454513 3.283577 0.738965 0.005678 -0.015281 -0.315071 0.948928
1630597347.132324 28.831291 3.338897 0.743914 0.007317 -0.013317 -0.315037 0.948958
1630597347.235962 29.205684 3.395643 0.744953 0.007443 -0.012450 -0.314934 0.949003
1630597347.339600 29.576826 3.451994 0.746593 0.008309 -0.011297 -0.314552 0.949137
1630597347.443360 29.950966 3.512236 0.759895 0.006207 -0.008614 -0.313855 0.949411
1630597347.546997 30.323262 3.575695 0.776335 0.004058 -0.005155 -0.313828 0.949457
1630597347.650757 30.690047 3.643514 0.789566 0.000393 -0.003333 -0.313951 0.949433
1630597347.754517 31.045539 3.706576 0.797631 -0.000921 -0.004071 -0.314128 0.949371
1630597347.858276 31.391247 3.758872 0.799549 0.001480 -0.006374 -0.313989 0.949404
1630597347.962036 31.734165 3.808617 0.800335 0.004115 -0.009226 -0.314085 0.949341
1630597348.065796 32.082348 3.860914 0.801266 0.005277 -0.009503 -0.314613 0.949158
1630597348.169556 32.432342 3.915246 0.803240 0.005724 -0.009323 -0.315106 0.948993
1630597348.273316 32.781774 3.971503 0.804640 0.005604 -0.009325 -0.315600 0.948830
1630597348.377197 33.129535 4.032978 0.804955 0.004217 -0.010969 -0.316092 0.948656
1630597348.480957 33.480237 4.094376 0.810348 0.002584 -0.011102 -0.316358 0.948571
1630597348.584595 33.836355 4.150415 0.821028 0.001621 -0.008943 -0.316384 0.948588
1630597348.688355 34.194905 4.205163 0.833794 0.000461 -0.006204 -0.316894 0.948440
1630597348.791992 34.548503 4.257817 0.840255 0.000696 -0.005601 -0.317313 0.948304
1630597348.895752 34.901264 4.307079 0.840798 0.002236 -0.005919 -0.317336 0.948292
1630597348.999268 35.257617 4.354407 0.839140 0.004043 -0.005231 -0.317595 0.948203
1630597349.103027 35.622619 4.403342 0.837531 0.005157 -0.002742 -0.318571 0.947881
1630597349.206665 35.991323 4.455204 0.838244 0.004508 -0.000270 -0.319191 0.947680
1630597349.310303 36.359994 4.503801 0.840031 0.006468 0.002140 -0.319168 0.947674
1630597349.413941 36.725592 4.561610 0.842763 0.005099 0.001235 -0.319476 0.947580
1630597349.517578 37.089360 4.625882 0.848331 0.003322 -0.000322 -0.320595 0.947211
1630597349.621216 37.454055 4.688781 0.853294 0.001554 -0.002404 -0.320675 0.947185
1630597349.724854 37.820003 4.743313 0.854452 0.002125 -0.004040 -0.320307 0.947303
1630597349.828613 38.187555 4.789537 0.849196 0.005011 -0.005650 -0.320182 0.947326
1630597349.932373 38.559744 4.832078 0.843220 0.009151 -0.006114 -0.320307 0.947250
1630597350.036011 38.937390 4.879454 0.841485 0.011132 -0.005453 -0.320541 0.947154
1630597350.139771 39.319282 4.936575 0.845488 0.010485 -0.004928 -0.321082 0.946980
1630597350.243530 39.702364 5.003442 0.853836 0.006543 -0.005183 -0.321415 0.946901
1630597350.347290 40.085902 5.071385 0.861779 0.003737 -0.005243 -0.321660 0.946833
1630597350.451050 40.471035 5.136137 0.867125 0.000965 -0.005233 -0.321755 0.946808
1630597350.554688 40.856901 5.190800 0.869227 0.001299 -0.004463 -0.322037 0.946716
1630597350.658569 41.244791 5.239187 0.869383 0.002809 -0.003562 -0.322325 0.946618
1630597350.762329 41.633611 5.287628 0.869211 0.004210 -0.002834 -0.322549 0.946539
1630597350.865967 42.022838 5.341191 0.871149 0.004563 -0.002325 -0.322792 0.946456
1630597350.969727 42.413259 5.401285 0.874938 0.003345 -0.002426 -0.323252 0.946304
1630597351.073364 42.803804 5.464520 0.877289 0.000940 -0.003065 -0.323725 0.946146
1630597351.177002 43.195280 5.524487 0.876917 -0.000355 -0.003463 -0.324285 0.945953
1630597351.280762 43.588431 5.576085 0.876282 -0.000118 -0.002914 -0.325039 0.945696
1630597351.384277 43.980649 5.621333 0.875957 0.001548 -0.001963 -0.326397 0.945229
1630597351.488037 44.373405 5.668132 0.876270 0.002386 -0.001177 -0.327729 0.944768
1630597351.591675 44.763754 5.719686 0.878181 0.001682 -0.001095 -0.328838 0.944384
1630597351.695313 45.151825 5.772649 0.879907 0.000864 -0.001444 -0.330008 0.943977
1630597351.798828 45.538057 5.824687 0.879251 -0.000355 -0.001863 -0.331191 0.943562
1630597351.902588 45.922779 5.871054 0.877434 -0.000023 -0.002037 -0.332294 0.943174
1630597352.006348 46.305413 5.911700 0.877447 0.000969 -0.001473 -0.333136 0.942877
1630597352.110108 46.684951 5.951083 0.876931 0.002115 -0.000817 -0.333964 0.942583
1630597352.213867 47.059205 5.993142 0.876869 0.002625 -0.000505 -0.334806 0.942283
1630597352.317505 47.426724 6.037332 0.878258 0.002058 -0.000772 -0.335384 0.942079
1630597352.421265 47.787923 6.077742 0.879272 0.002364 -0.000187 -0.335865 0.941907
1630597352.525025 48.140764 6.112474 0.877511 0.003526 0.000944 -0.336342 0.941733
1630597352.628662 48.483018 6.144012 0.876169 0.005297 0.002518 -0.336014 0.941839
1630597352.732422 48.812768 6.183203 0.877405 0.004984 0.002433 -0.334949 0.942220
1630597352.836182 49.130480 6.230413 0.878126 0.003656 0.000915 -0.334047 0.942549
1630597352.939697 49.443422 6.284861 0.877271 -0.000285 -0.001479 -0.333063 0.942903
1630597353.043457 49.758212 6.335149 0.876109 -0.002888 -0.001800 -0.331547 0.943432
1630597353.147217 50.072979 6.373318 0.876092 -0.002703 -0.000481 -0.330505 0.943800
1630597353.250977 50.386425 6.398821 0.874963 0.000851 0.001712 -0.329836 0.944036
1630597353.354614 50.696609 6.423218 0.872641 0.004493 0.003153 -0.328801 0.944383
1630597353.458252 51.004535 6.456301 0.870931 0.006638 0.003950 -0.327899 0.944681
1630597353.562012 51.310316 6.503410 0.872162 0.005309 0.003636 -0.327745 0.944744
1630597353.665650 51.614416 6.554465 0.874064 0.003069 0.003137 -0.327199 0.944945
1630597353.769409 51.918351 6.601915 0.873402 0.002035 0.003279 -0.325923 0.945388
1630597353.873169 52.217838 6.648754 0.868033 0.001922 0.002215 -0.324876 0.945752
1630597353.976807 52.515418 6.693255 0.863343 0.002473 0.001155 -0.322746 0.946482
1630597354.080567 52.814986 6.734028 0.860762 0.003990 0.001301 -0.319728 0.947500
1630597354.184204 53.115873 6.774765 0.859436 0.006059 0.002363 -0.317654 0.948184
1630597354.287964 53.418170 6.819569 0.857224 0.007310 0.002608 -0.316068 0.948705
1630597354.391602 53.722610 6.867152 0.855560 0.008419 0.003086 -0.313515 0.949541
1630597354.495239 54.029797 6.920256 0.855205 0.008455 0.003239 -0.310396 0.950564
1630597354.599121 54.340670 6.978578 0.853341 0.008444 0.002906 -0.307610 0.951471
1630597354.702637 54.656461 7.040408 0.850022 0.008352 0.002289 -0.304904 0.952344
1630597354.806397 54.983294 7.104429 0.847455 0.008255 0.002415 -0.302127 0.953229
1630597354.910156 55.321860 7.167260 0.844652 0.009418 0.003724 -0.299461 0.954055
1630597355.013794 55.671181 7.230929 0.841255 0.010948 0.005064 -0.296822 0.954857
1630597355.117676 56.032068 7.298549 0.837859 0.012612 0.006695 -0.294093 0.955670
1630597355.221436 56.401965 7.377544 0.835681 0.012711 0.007414 -0.291381 0.956494
1630597355.325073 56.778501 7.472626 0.834714 0.010132 0.006456 -0.288751 0.957329
1630597355.428955 57.167321 7.571340 0.831595 0.007801 0.005708 -0.285970 0.958190
1630597355.532715 57.567052 7.661175 0.826179 0.008378 0.005802 -0.283364 0.958958
1630597355.636231 57.977438 7.744356 0.819446 0.011794 0.006646 -0.281253 0.959538
1630597355.739990 58.401003 7.831280 0.812398 0.015598 0.008647 -0.279223 0.960061
1630597355.843750 58.833908 7.933300 0.806386 0.015806 0.009179 -0.277412 0.960577
1630597355.947266 59.274454 8.050483 0.803319 0.013266 0.010138 -0.276768 0.960792
1630597356.051026 59.713860 8.180456 0.802268 0.008654 0.006812 -0.275706 0.961179
1630597356.154785 60.157434 8.306994 0.802003 0.005954 0.003517 -0.273091 0.961963
1630597356.258301 60.609865 8.424459 0.799003 0.005936 0.002632 -0.270685 0.962646
1630597356.362061 61.071724 8.535827 0.792028 0.008752 0.003854 -0.268706 0.963175
1630597356.465576 61.534427 8.650108 0.782604 0.010951 0.004030 -0.265874 0.963937
1630597356.569336 62.000851 8.775495 0.778702 0.011703 0.004456 -0.262678 0.964802
1630597356.672974 62.467546 8.922565 0.783412 0.007490 0.004195 -0.260209 0.965514
1630597356.776734 62.932895 9.079968 0.787633 0.002106 0.002867 -0.257488 0.966275
1630597356.880371 63.398917 9.227304 0.784495 0.000516 0.001706 -0.253982 0.967207
1630597356.984009 63.869631 9.361614 0.776695 0.002951 0.002744 -0.250931 0.967997
1630597357.087647 64.343071 9.494693 0.770087 0.005842 0.004523 -0.248451 0.968616
1630597357.191406 64.816820 9.637352 0.766681 0.006802 0.005711 -0.245868 0.969263
1630597357.295288 65.289090 9.793419 0.765855 0.005450 0.005886 -0.243919 0.969762
1630597357.399048 65.758243 9.954624 0.764726 0.003460 0.004937 -0.242393 0.970159
1630597357.502686 66.226805 10.110771 0.760532 0.003337 0.003698 -0.240303 0.970685
1630597357.606445 66.697826 10.263577 0.755033 0.004448 0.003018 -0.237969 0.971258
1630597357.710327 67.170019 10.420411 0.750709 0.005589 0.002193 -0.236083 0.971714
1630597357.814209 67.644707 10.582982 0.747134 0.005909 0.001609 -0.234126 0.972187
1630597357.917969 68.122625 10.751115 0.744864 0.004952 0.001040 -0.232295 0.972632
1630597358.021729 68.605139 10.924364 0.742554 0.003413 0.000729 -0.231069 0.972931
1630597358.125366 69.092255 11.101412 0.739575 0.001556 0.000903 -0.230505 0.973070
1630597358.229126 69.584907 11.280676 0.737705 -0.000380 0.001024 -0.230353 0.973106
1630597358.332764 70.082098 11.459281 0.734790 -0.002099 0.000829 -0.230347 0.973106
1630597358.436524 70.587189 11.635346 0.729955 -0.002841 0.001284 -0.230688 0.973023
1630597358.540283 71.098937 11.809058 0.723021 -0.002491 0.002507 -0.231570 0.972812
1630597358.643799 71.615083 11.983879 0.714312 -0.002384 0.003194 -0.232695 0.972542
1630597358.747559 72.137728 12.165560 0.706743 -0.004172 0.003480 -0.234062 0.972206
1630597358.851074 72.663753 12.350315 0.698712 -0.006799 0.002875 -0.236048 0.971713
1630597358.954956 73.199994 12.529005 0.689081 -0.007767 0.003322 -0.238929 0.971000
1630597359.058594 73.745120 12.696206 0.677385 -0.006566 0.005824 -0.242506 0.970110
1630597359.162354 74.291808 12.866275 0.664876 -0.007695 0.004743 -0.246882 0.969003
1630597359.265869 74.840098 13.040081 0.653252 -0.010342 0.002431 -0.252409 0.967562
1630597359.369629 75.400548 13.208667 0.640769 -0.013980 0.000906 -0.257751 0.966110
1630597359.473389 75.971463 13.349896 0.627277 -0.009464 0.002262 -0.262764 0.964811
1630597359.577026 76.546774 13.481857 0.614843 -0.004927 0.002357 -0.268630 0.963228
1630597359.680786 77.131100 13.624738 0.604598 -0.004151 0.001701 -0.275220 0.961371
1630597359.784424 77.722692 13.777649 0.592140 -0.008079 -0.000578 -0.281362 0.959568
1630597359.888184 78.326980 13.915942 0.581743 -0.009734 -0.000564 -0.286659 0.957983
1630597359.991821 78.942779 14.032466 0.576399 -0.008167 0.001917 -0.291752 0.956457
1630597360.095459 79.564413 14.141562 0.568397 -0.005465 0.003857 -0.297789 0.954608
1630597360.199219 80.189959 14.256049 0.554909 -0.005371 0.003127 -0.304237 0.952576
1630597360.302857 80.822304 14.370714 0.540400 -0.007708 0.001619 -0.310216 0.950633
1630597360.406494 81.464772 14.479042 0.529664 -0.009917 0.001242 -0.315871 0.948750
1630597360.510254 82.114322 14.578210 0.520483 -0.013709 0.000322 -0.322031 0.946630
1630597360.613770 82.764016 14.655978 0.510617 -0.010629 0.000659 -0.329022 0.944262
1630597360.717529 83.418373 14.727131 0.499149 -0.009852 -0.001537 -0.336097 0.941775
1630597360.821289 84.082532 14.792217 0.486173 -0.009284 -0.000803 -0.343755 0.939013
1630597360.925049 84.751552 14.851697 0.475944 -0.011200 -0.001845 -0.351306 0.936192
1630597361.028931 85.428824 14.894203 0.472946 -0.011562 -0.000346 -0.358613 0.933415
1630597361.132568 86.111086 14.925461 0.467510 -0.012146 0.001192 -0.367047 0.930122
1630597361.236328 86.797598 14.945457 0.452888 -0.013275 0.002175 -0.376053 0.926501
1630597361.340210 87.489813 14.951033 0.437549 -0.014503 0.003529 -0.385225 0.922702
1630597361.443848 88.184482 14.941064 0.425319 -0.015457 0.005579 -0.394394 0.918794
1630597361.547608 88.878508 14.919020 0.410837 -0.016347 0.006197 -0.403906 0.914633
1630597361.651367 89.569064 14.884459 0.392793 -0.017256 0.004875 -0.413887 0.910152
1630597361.755127 90.255977 14.831774 0.375672 -0.016705 0.003062 -0.423881 0.905559
1630597361.858887 90.939227 14.760815 0.361316 -0.015031 0.000450 -0.433792 0.900887
1630597361.962647 91.623845 14.675129 0.347909 -0.014213 -0.001397 -0.443857 0.895984
1630597362.066162 92.310898 14.576731 0.336225 -0.014825 -0.001459 -0.453850 0.890953
1630597362.169922 93.001397 14.464892 0.329343 -0.016913 -0.000175 -0.463450 0.885961
1630597362.273438 93.685755 14.337844 0.325660 -0.018332 0.001236 -0.472933 0.880907
1630597362.377197 94.360527 14.194579 0.319198 -0.018112 0.000548 -0.482435 0.875744
1630597362.480591 95.021887 14.036373 0.309366 -0.016959 -0.000754 -0.491929 0.870470
1630597362.584229 95.682319 13.863471 0.297144 -0.016303 -0.001517 -0.501525 0.864988
1630597362.687866 96.345180 13.677295 0.287349 -0.016963 0.000102 -0.510851 0.859502
1630597362.791504 97.004370 13.477626 0.283310 -0.018109 0.002279 -0.519870 0.854050
1630597362.895142 97.653564 13.264072 0.280157 -0.018461 0.003067 -0.528885 0.848487
1630597362.998901 98.296117 13.042248 0.269613 -0.020062 0.001934 -0.538313 0.842504
1630597363.102539 98.934699 12.809212 0.253368 -0.022548 0.000788 -0.548360 0.835938
1630597363.206299 99.573889 12.552137 0.239194 -0.023910 0.003711 -0.558565 0.829108
1630597363.310181 100.208321 12.273467 0.229647 -0.025469 0.006722 -0.568715 0.822113
1630597363.413941 100.835426 11.977050 0.216824 -0.025788 0.010627 -0.580052 0.814102
1630597363.517700 101.450378 11.671142 0.199974 -0.027900 0.010051 -0.591743 0.805581
1630597363.621704 102.051681 11.346050 0.179101 -0.027627 0.006654 -0.603726 0.796685
1630597363.725464 102.645480 10.997901 0.160054 -0.027622 0.003295 -0.615564 0.787596
1630597363.829346 103.232709 10.623164 0.140511 -0.025398 0.000498 -0.627588 0.778131
1630597363.933228 103.818939 10.226697 0.129543 -0.025348 -0.000785 -0.639414 0.768444
1630597364.036865 104.398607 9.807917 0.124588 -0.024095 -0.000602 -0.651282 0.758453
1630597364.140625 104.970717 9.369461 0.119816 -0.023520 -0.001068 -0.662974 0.748273
1630597364.244385 105.534590 8.914681 0.114147 -0.024295 -0.002773 -0.674194 0.738149
1630597364.347901 106.094369 8.443213 0.110029 -0.026964 -0.003264 -0.684713 0.728306
1630597364.451416 106.640428 7.952326 0.109519 -0.027883 -0.005008 -0.694418 0.719014
1630597364.555054 107.171681 7.439920 0.112986 -0.026551 -0.007508 -0.703831 0.709832
1630597364.658569 107.693667 6.910755 0.115983 -0.025327 -0.010048 -0.712964 0.700671
1630597364.761963 108.208249 6.362925 0.120867 -0.023686 -0.011345 -0.721632 0.691779
1630597364.865601 108.719191 5.789921 0.131792 -0.021441 -0.009310 -0.728944 0.684174
1630597364.968994 109.225172 5.203116 0.142863 -0.020331 -0.006473 -0.735134 0.677586
1630597365.072510 109.725697 4.605889 0.151956 -0.018946 -0.004794 -0.740738 0.671509
1630597365.176026 110.218606 4.000303 0.157390 -0.018069 -0.005218 -0.745654 0.666068
1630597365.279785 110.706358 3.382129 0.158738 -0.016985 -0.006409 -0.750530 0.660588
1630597365.383301 111.192035 2.753779 0.160782 -0.016983 -0.006717 -0.755486 0.654911
1630597365.487061 111.678585 2.112487 0.166993 -0.018152 -0.006174 -0.760278 0.649315
1630597365.590820 112.160263 1.460006 0.174435 -0.019279 -0.005939 -0.764574 0.644221
1630597365.694702 112.636317 0.795967 0.180056 -0.020161 -0.006941 -0.768246 0.639800
1630597365.798706 113.110312 0.119544 0.185145 -0.020751 -0.007581 -0.771406 0.635959
1630597365.902588 113.586912 -0.564503 0.192129 -0.022699 -0.007516 -0.773986 0.632751
1630597366.006470 114.069330 -1.254725 0.200603 -0.026686 -0.006630 -0.776165 0.629930
1630597366.110474 114.550454 -1.955655 0.208485 -0.029338 -0.004636 -0.778108 0.627428
1630597366.214356 115.024684 -2.663946 0.215720 -0.030548 -0.002630 -0.779806 0.625271
1630597366.318115 115.494512 -3.374855 0.221483 -0.031459 -0.001167 -0.781296 0.623366
1630597366.421997 115.961503 -4.089698 0.223983 -0.031791 -0.000101 -0.782360 0.622014
1630597366.525757 116.424487 -4.806351 0.225345 -0.032038 0.000823 -0.782786 0.621465
1630597366.629395 116.883349 -5.524476 0.226581 -0.030551 0.001082 -0.782751 0.621584
1630597366.733032 117.343992 -6.240787 0.225633 -0.029512 0.001237 -0.782185 0.622346
1630597366.836670 117.808690 -6.955254 0.223727 -0.029126 0.001212 -0.781088 0.623740
1630597366.940064 118.275566 -7.668324 0.222106 -0.028057 0.002109 -0.779561 0.625694
1630597367.043579 118.746976 -8.378880 0.219663 -0.026860 0.002991 -0.777762 0.627977
1630597367.147217 119.223478 -9.083573 0.216650 -0.026568 0.002712 -0.775586 0.630677
1630597367.250610 119.702178 -9.782118 0.212202 -0.025883 0.001897 -0.773096 0.633758
1630597367.354248 120.188248 -10.480067 0.206538 -0.024802 0.001642 -0.770329 0.637162
1630597367.457886 120.686227 -11.174735 0.202202 -0.024450 0.003325 -0.767516 0.640554
1630597367.561401 121.194829 -11.861595 0.197850 -0.026299 0.005470 -0.764532 0.644026
1630597367.665161 121.705767 -12.543944 0.190623 -0.026976 0.006474 -0.761465 0.647612
1630597367.768921 122.213827 -13.218284 0.181449 -0.025972 0.004372 -0.758466 0.651180
1630597367.872681 122.725103 -13.884491 0.172270 -0.024716 0.001004 -0.755705 0.654444
1630597367.976563 123.246649 -14.547049 0.165131 -0.024926 -0.000249 -0.752864 0.657704
1630597368.080444 123.774990 -15.208039 0.164442 -0.024706 -0.000104 -0.749986 0.660992
1630597368.184448 124.308123 -15.867752 0.166273 -0.023701 0.001751 -0.747011 0.664387
1630597368.288208 124.840784 -16.518218 0.164854 -0.021266 0.001745 -0.744258 0.667551
1630597368.392212 125.381921 -17.157682 0.161462 -0.022129 0.001275 -0.741359 0.670743
1630597368.495972 125.924123 -17.785308 0.157381 -0.022767 -0.000804 -0.738459 0.673914
1630597368.599854 126.464842 -18.408342 0.156709 -0.021479 -0.003930 -0.735419 0.677261
1630597368.703613 127.007824 -19.024561 0.159450 -0.020544 -0.006791 -0.732550 0.680369
1630597368.807373 127.559383 -19.634347 0.165654 -0.020055 -0.008406 -0.729821 0.683293
1630597368.911133 128.123421 -20.239852 0.174787 -0.021378 -0.006476 -0.726822 0.686462
1630597369.014771 128.687786 -20.845231 0.184297 -0.021112 -0.003191 -0.723737 0.689746
1630597369.118286 129.251174 -21.443117 0.191339 -0.019612 -0.000396 -0.720751 0.692917
1630597369.221802 129.816928 -22.022463 0.193875 -0.019753 -0.001836 -0.717735 0.696034
1630597369.325318 130.382137 -22.589383 0.193195 -0.020677 -0.004973 -0.714602 0.699208
1630597369.428711 130.948688 -23.153696 0.194468 -0.020729 -0.007536 -0.710869 0.702978
1630597369.532349 131.524908 -23.715718 0.200319 -0.019830 -0.007264 -0.707845 0.706052
1630597369.635864 132.108601 -24.273895 0.209429 -0.019519 -0.004980 -0.704767 0.709152
1630597369.739502 132.695112 -24.828988 0.215762 -0.018707 -0.002226 -0.701609 0.712313
1630597369.843018 133.279283 -25.378953 0.217927 -0.015880 0.000011 -0.698595 0.715341
1630597369.946777 133.863202 -25.914323 0.219010 -0.014308 -0.001503 -0.695538 0.718345
1630597370.050415 134.449879 -26.431429 0.218951 -0.016261 -0.005522 -0.692252 0.721452
1630597370.154175 135.041154 -26.946481 0.216923 -0.016619 -0.008378 -0.688767 0.724744
1630597370.258057 135.642123 -27.465436 0.219929 -0.016242 -0.007132 -0.685128 0.728207
1630597370.361817 136.254716 -27.984654 0.230109 -0.015192 -0.000824 -0.682126 0.731076
1630597370.465576 136.869715 -28.492824 0.237228 -0.015745 0.003951 -0.679182 0.733790
1630597370.569458 137.477488 -28.990283 0.235008 -0.014419 0.004050 -0.676073 0.736683
1630597370.673340 138.081044 -29.477850 0.223268 -0.013040 0.001145 -0.672643 0.739851
1630597370.777222 138.688553 -29.959372 0.210457 -0.011955 -0.001594 -0.669322 0.742874
1630597370.881104 139.306320 -30.437382 0.205391 -0.011830 -0.001585 -0.665857 0.745984
1630597370.984863 139.932293 -30.908418 0.205505 -0.012665 0.000216 -0.662559 0.748902
1630597371.088623 140.559488 -31.372575 0.204392 -0.012945 0.001408 -0.659578 0.751523
1630597371.192139 141.183183 -31.828256 0.200192 -0.013101 0.000905 -0.656512 0.754201
1630597371.295899 141.807565 -32.277217 0.193971 -0.012630 -0.000748 -0.653609 0.756727
1630597371.399658 142.432187 -32.721450 0.188936 -0.011472 -0.002088 -0.650594 0.759336
1630597371.503296 143.058065 -33.159008 0.186803 -0.010848 -0.003181 -0.647468 0.762009
1630597371.606812 143.688011 -33.585578 0.187519 -0.011676 -0.003483 -0.644469 0.764533
1630597371.710449 144.320795 -34.003427 0.188962 -0.013362 -0.003746 -0.641257 0.767201
1630597371.813965 144.951387 -34.417442 0.189680 -0.013572 -0.002792 -0.638078 0.769847
1630597371.917603 145.581313 -34.822208 0.190225 -0.014550 -0.001970 -0.634826 0.772516
1630597372.021240 146.209583 -35.212202 0.190904 -0.016253 -0.001645 -0.631351 0.775325
1630597372.124756 146.830484 -35.589489 0.190168 -0.017382 -0.002172 -0.627432 0.778474
1630597372.228394 147.442347 -35.959422 0.188992 -0.016966 -0.003418 -0.623025 0.782010
1630597372.332031 148.049251 -36.319031 0.188824 -0.016019 -0.004235 -0.618891 0.785302
1630597372.435547 148.654122 -36.662072 0.189706 -0.017195 -0.004941 -0.615024 0.788305
1630597372.539429 149.257152 -36.995581 0.191884 -0.018326 -0.004594 -0.611097 0.791331
1630597372.643067 149.850307 -37.323277 0.194402 -0.017516 -0.003430 -0.606901 0.794577
1630597372.746826 150.432757 -37.641590 0.196766 -0.015249 -0.003163 -0.602249 0.798156
1630597372.850586 151.006812 -37.941251 0.199202 -0.013345 -0.003746 -0.596392 0.802574
1630597372.954468 151.575271 -38.217494 0.201300 -0.013505 -0.005983 -0.588714 0.808206
1630597373.058228 152.137404 -38.475243 0.202081 -0.012910 -0.007669 -0.579657 0.814722
1630597373.161987 152.696367 -38.715236 0.204726 -0.012628 -0.007627 -0.569493 0.821864
1630597373.265625 153.249843 -38.935163 0.209998 -0.012031 -0.006409 -0.558178 0.829609
1630597373.369385 153.796327 -39.130862 0.217758 -0.011673 -0.005443 -0.545751 0.837848
1630597373.472901 154.330257 -39.301171 0.224035 -0.011164 -0.005330 -0.531831 0.846760
1630597373.576538 154.852717 -39.447342 0.226729 -0.010160 -0.005370 -0.515974 0.856527
1630597373.680176 155.363712 -39.566504 0.226988 -0.009324 -0.005767 -0.498786 0.866656
1630597373.783936 155.865804 -39.657383 0.228290 -0.009470 -0.005187 -0.481165 0.876564
1630597373.887451 156.354939 -39.721937 0.230791 -0.010318 -0.003924 -0.463022 0.886278
1630597373.991089 156.827897 -39.762286 0.234247 -0.011476 -0.002925 -0.444035 0.895931
1630597374.094727 157.280698 -39.782608 0.236264 -0.010813 -0.002888 -0.424069 0.905561
1630597374.198486 157.716157 -39.782900 0.235951 -0.009474 -0.003186 -0.403159 0.915075
1630597374.302246 158.135191 -39.758597 0.233830 -0.008962 -0.003548 -0.381535 0.924304
1630597374.406006 158.539324 -39.708003 0.230930 -0.010921 -0.003771 -0.359109 0.933224
1630597374.509766 158.925792 -39.640138 0.229359 -0.011542 -0.004142 -0.336231 0.941700
1630597374.613648 159.296770 -39.559510 0.228961 -0.010856 -0.003763 -0.312326 0.949905
1630597374.717651 159.652743 -39.466791 0.228179 -0.009212 -0.002693 -0.287511 0.957729
1630597374.821411 159.989865 -39.359132 0.227064 -0.006933 -0.001472 -0.262070 0.965023
1630597374.925171 160.308228 -39.231594 0.225113 -0.005407 -0.000953 -0.235440 0.971873
1630597375.029053 160.608277 -39.082339 0.220561 -0.005151 -0.001559 -0.207670 0.978184
1630597375.132813 160.891155 -38.913943 0.216529 -0.006178 -0.003334 -0.178696 0.983879
1630597375.236450 161.161660 -38.734048 0.213369 -0.005848 -0.003792 -0.148896 0.988828
1630597375.340088 161.420998 -38.541236 0.211242 -0.005355 -0.003352 -0.118256 0.992963
1630597375.443848 161.666051 -38.334037 0.208999 -0.004684 -0.002179 -0.087078 0.996188
1630597375.547241 161.892548 -38.113278 0.206315 -0.004179 -0.000978 -0.055025 0.998476
1630597375.650879 162.099756 -37.877850 0.203389 -0.004687 -0.000689 -0.021814 0.999751
1630597375.754639 162.286974 -37.629208 0.200362 -0.005302 -0.000596 0.011261 0.999922
1630597375.858154 162.454922 -37.370148 0.196561 -0.005954 -0.000389 0.043936 0.999017
1630597375.961914 162.603105 -37.101237 0.192130 -0.007214 -0.000981 0.076985 0.997006
1630597376.065430 162.733158 -36.827234 0.187068 -0.007773 -0.000798 0.110067 0.993894
1630597376.169068 162.847678 -36.548728 0.181232 -0.007359 0.000488 0.143271 0.989656
1630597376.272827 162.942487 -36.265014 0.175492 -0.007116 0.001020 0.176137 0.984339
1630597376.376587 163.017814 -35.976120 0.170653 -0.007003 0.002383 0.208680 0.977956
1630597376.480469 163.072571 -35.682054 0.166010 -0.008038 0.003744 0.241574 0.970342
1630597376.584229 163.106552 -35.386699 0.159911 -0.008898 0.005078 0.274166 0.961628
1630597376.687988 163.119108 -35.091634 0.152445 -0.009344 0.005916 0.306214 0.951898
1630597376.791870 163.111154 -34.796736 0.144652 -0.009669 0.006590 0.338073 0.941047
1630597376.895630 163.083773 -34.503672 0.136616 -0.009908 0.007405 0.369796 0.929031
1630597376.999390 163.034906 -34.213490 0.128829 -0.009958 0.007540 0.401212 0.915900
1630597377.103272 162.964698 -33.925247 0.121552 -0.009811 0.007380 0.432451 0.901574
1630597377.207031 162.876757 -33.639331 0.113899 -0.009251 0.008022 0.463598 0.885961
1630597377.310791 162.771669 -33.355296 0.105569 -0.008317 0.009662 0.494787 0.868921
1630597377.414551 162.645601 -33.073843 0.097337 -0.007334 0.011273 0.525884 0.850450
1630597377.518067 162.496980 -32.795422 0.088936 -0.006275 0.013497 0.556558 0.830676
1630597377.621704 162.322251 -32.520548 0.080207 -0.005438 0.015172 0.586951 0.809462
1630597377.725220 162.120912 -32.252602 0.071886 -0.004331 0.016214 0.616601 0.787097
1630597377.828735 161.891559 -31.993508 0.064926 -0.003277 0.016400 0.645436 0.763631
1630597377.932373 161.633947 -31.744619 0.059436 -0.002205 0.015362 0.673367 0.739146
1630597378.035889 161.351398 -31.505091 0.053668 -0.001245 0.014772 0.699712 0.714272
1630597378.139649 161.044088 -31.273489 0.046799 -0.000270 0.014389 0.724091 0.689554
1630597378.243286 160.715191 -31.050801 0.039889 0.000921 0.014531 0.746404 0.665334
1630597378.347168 160.363266 -30.835692 0.034434 0.001413 0.016077 0.766706 0.641796
1630597378.450928 159.986604 -30.633588 0.032399 0.001005 0.016432 0.785115 0.619131
1630597378.554810 159.585755 -30.444764 0.032896 -0.000543 0.016820 0.801730 0.597449
1630597378.658814 159.164984 -30.269691 0.031941 -0.001900 0.017068 0.817057 0.576301
1630597378.762818 158.727404 -30.109638 0.029132 -0.002519 0.017485 0.831114 0.555821
1630597378.866821 158.273537 -29.967621 0.026041 -0.002324 0.018156 0.843724 0.536465
1630597378.970703 157.804587 -29.848341 0.024896 -0.000852 0.016404 0.854918 0.518504
1630597379.074585 157.322295 -29.747549 0.025596 0.001529 0.013593 0.864578 0.502312
1630597379.178467 156.828465 -29.654484 0.025166 0.003396 0.012065 0.872756 0.487995
1630597379.282105 156.325296 -29.565039 0.023316 0.004815 0.012097 0.879521 0.475682
1630597379.385742 155.808487 -29.478620 0.022146 0.004212 0.013732 0.885006 0.465358
1630597379.489380 155.276165 -29.404590 0.024904 0.002499 0.012838 0.889403 0.456937
1630597379.593018 154.733609 -29.346310 0.031019 0.001607 0.009461 0.892943 0.450068
1630597379.696655 154.186112 -29.293688 0.036462 0.001974 0.006704 0.895715 0.444574
1630597379.800171 153.635771 -29.236104 0.039694 0.002600 0.006808 0.897695 0.440558
1630597379.903687 153.083210 -29.170629 0.039161 0.003919 0.010142 0.899203 0.437397
1630597380.007202 152.524016 -29.105793 0.038902 0.005275 0.013692 0.900345 0.434930
1630597380.110596 151.953328 -29.051288 0.041605 0.006406 0.014129 0.900955 0.433636
1630597380.213989 151.370888 -29.005595 0.047532 0.007437 0.010954 0.900938 0.433747
1630597380.317505 150.777394 -28.954461 0.054567 0.006874 0.008055 0.900085 0.435586
1630597380.421143 150.176095 -28.888836 0.062514 0.004739 0.006859 0.898479 0.438936
1630597380.524658 149.573477 -28.808585 0.068297 0.002944 0.008348 0.896261 0.443438
1630597380.628418 148.963862 -28.725058 0.071350 0.002546 0.008109 0.893753 0.448479
1630597380.731934 148.348916 -28.640581 0.072255 0.002608 0.006472 0.891152 0.453651
1630597380.835693 147.730082 -28.549478 0.074214 0.004241 0.005220 0.888437 0.458949
1630597380.939575 147.107535 -28.445305 0.078553 0.006146 0.004733 0.885326 0.464906
1630597381.043335 146.481835 -28.327772 0.081446 0.008679 0.005604 0.881499 0.472074
1630597381.147217 145.847272 -28.199053 0.082391 0.010848 0.005672 0.877081 0.480186
1630597381.251099 145.199723 -28.055648 0.087653 0.010075 0.004366 0.872462 0.488558
1630597381.354859 144.545070 -27.893405 0.097058 0.007471 0.003419 0.867658 0.497093
1630597381.458740 143.889582 -27.712798 0.107683 0.005314 0.003777 0.862734 0.505616
1630597381.562500 143.238106 -27.519933 0.115197 0.004924 0.004580 0.857486 0.514464
1630597381.666260 142.589923 -27.315892 0.118029 0.005959 0.004970 0.852038 0.523422
1630597381.770020 141.944286 -27.096756 0.120284 0.006985 0.005471 0.846644 0.532085
1630597381.873535 141.301348 -26.861427 0.125715 0.006604 0.006560 0.841199 0.540645
1630597381.977173 140.659032 -26.612576 0.132439 0.006027 0.006869 0.835576 0.549299
1630597382.080811 140.020298 -26.349608 0.138327 0.005438 0.007601 0.829876 0.557870
1630597382.184448 139.385167 -26.072084 0.143614 0.005360 0.008371 0.824072 0.566398
1630597382.287842 138.753821 -25.780694 0.147883 0.005070 0.009055 0.818034 0.575076
1630597382.391358 138.124069 -25.474805 0.150780 0.004341 0.009485 0.811829 0.583802
1630597382.495117 137.495019 -25.154083 0.154007 0.003454 0.009529 0.805605 0.592367
1630597382.598511 136.870913 -24.819499 0.157304 0.002053 0.009047 0.799310 0.600848
1630597382.702271 136.251484 -24.466658 0.158679 0.001268 0.009835 0.792926 0.609237
1630597382.805908 135.638737 -24.100634 0.158033 0.001286 0.010424 0.786368 0.617669
1630597382.909668 135.029092 -23.722009 0.156719 0.001702 0.010515 0.779515 0.626293
1630597383.013428 134.424009 -23.330128 0.155871 0.001982 0.009980 0.772742 0.634639
1630597383.117188 133.825514 -22.924021 0.155700 0.002368 0.009224 0.766022 0.642744
1630597383.221069 133.232882 -22.501907 0.154537 0.002174 0.008893 0.759043 0.650976
1630597383.324951 132.647063 -22.062405 0.152249 0.000585 0.009210 0.751988 0.659112
1630597383.428711 132.073484 -21.606918 0.151099 -0.000782 0.011858 0.744830 0.667148
1630597383.532471 131.506291 -21.142483 0.149936 -0.002356 0.011091 0.737883 0.674834
1630597383.636353 130.955577 -20.665835 0.145871 -0.001045 0.013855 0.730929 0.682312
1630597383.740112 130.415431 -20.178654 0.141301 -0.000229 0.015509 0.724395 0.689211
1630597383.843872 129.879761 -19.682514 0.135557 -0.000002 0.016190 0.717575 0.696294
1630597383.947510 129.349028 -19.176959 0.131436 -0.001404 0.015883 0.710775 0.703239
1630597384.051148 128.827571 -18.662025 0.129098 -0.002797 0.014811 0.704447 0.709596
1630597384.155029 128.319403 -18.140402 0.125867 -0.002118 0.014654 0.697790 0.716149
1630597384.258545 127.827601 -17.616592 0.120606 0.001130 0.014430 0.690939 0.722768
1630597384.362305 127.343319 -17.085620 0.114655 0.004400 0.013040 0.684052 0.729304
1630597384.465698 126.866443 -16.549226 0.114237 0.006238 0.010779 0.677262 0.735636
1630597384.569336 126.394662 -16.005358 0.121205 0.007045 0.007158 0.670965 0.741421
1630597384.673096 125.936476 -15.447776 0.128623 0.006380 0.006001 0.665163 0.746647
1630597384.776611 125.495501 -14.880794 0.132312 0.005485 0.008044 0.659848 0.751336
1630597384.880249 125.058196 -14.311847 0.136319 0.003772 0.007971 0.655199 0.755405
1630597384.983765 124.622308 -13.744821 0.141399 0.001509 0.006131 0.650529 0.759455
1630597385.087525 124.198700 -13.177057 0.144857 0.001257 0.005094 0.646305 0.763061
1630597385.191162 123.793565 -12.608136 0.146732 0.003371 0.005589 0.642297 0.766428
1630597385.294922 123.402553 -12.033897 0.145823 0.006402 0.008654 0.638204 0.769792
1630597385.398560 123.017653 -11.455071 0.145094 0.008005 0.011430 0.634831 0.772525
1630597385.502442 122.629565 -10.871959 0.149905 0.006816 0.013103 0.631762 0.775022
1630597385.606323 122.239171 -10.289244 0.158437 0.003955 0.012466 0.628995 0.777299
1630597385.710083 121.856678 -9.707645 0.164283 0.001908 0.012718 0.626426 0.779375
1630597385.814087 121.484853 -9.127039 0.164987 0.002030 0.013873 0.624072 0.781241
1630597385.917847 121.121616 -8.550005 0.163272 0.003703 0.015569 0.622199 0.782695
1630597386.021485 120.758984 -7.975907 0.161762 0.004908 0.016143 0.621052 0.783588
1630597386.125366 120.393726 -7.401988 0.162097 0.005380 0.015913 0.620454 0.784063
1630597386.229004 120.028905 -6.829445 0.164482 0.004761 0.015622 0.619932 0.784486
1630597386.332764 119.664048 -6.257039 0.167549 0.003610 0.015075 0.619579 0.784781
1630597386.436524 119.302348 -5.686796 0.169201 0.003199 0.015139 0.619583 0.784779
1630597386.540039 118.944674 -5.118933 0.169172 0.003166 0.015897 0.619924 0.784494
1630597386.643799 118.586299 -4.550882 0.168384 0.003074 0.016824 0.620481 0.784035
1630597386.747315 118.224091 -3.988570 0.167542 0.002563 0.015942 0.621008 0.783638
1630597386.851074 117.859772 -3.427773 0.167564 0.002281 0.015263 0.621539 0.783231
1630597386.954590 117.498814 -2.867638 0.166709 0.001837 0.015369 0.622295 0.782629
1630597387.058350 117.140099 -2.305648 0.164321 0.002243 0.016595 0.622989 0.782051
1630597387.162110 116.779740 -1.745341 0.161260 0.001962 0.017265 0.623544 0.781595
1630597387.265869 116.415307 -1.187143 0.159616 0.001615 0.017167 0.624213 0.781064
1630597387.369507 116.049574 -0.631782 0.157900 0.001059 0.017061 0.625274 0.780218
1630597387.473145 115.684729 -0.077501 0.155486 0.000882 0.017206 0.626624 0.779131
1630597387.577026 115.319499 0.477778 0.151312 0.000922 0.018109 0.628004 0.777999
1630597387.680786 114.952214 1.031527 0.146626 0.000515 0.019539 0.629420 0.776819
1630597387.784424 114.581383 1.580769 0.143091 0.000168 0.020131 0.631190 0.775367
1630597387.888306 114.206152 2.126470 0.140579 0.000295 0.019814 0.633498 0.773491
1630597387.991943 113.828763 2.668155 0.136772 0.000457 0.019984 0.636212 0.771255
1630597388.095703 113.447635 3.208938 0.130539 0.000423 0.020832 0.639295 0.768680
1630597388.199463 113.062008 3.747760 0.125298 -0.000274 0.021850 0.642822 0.765704
1630597388.303101 112.670065 4.281006 0.122746 -0.001311 0.022553 0.646873 0.762263
1630597388.406860 112.270865 4.806309 0.119961 -0.001593 0.022576 0.651454 0.758350
1630597388.510498 111.865837 5.323620 0.114012 -0.001160 0.022403 0.656434 0.754050
1630597388.614258 111.452078 5.838128 0.105939 -0.001783 0.022575 0.661627 0.749491
1630597388.717774 111.031006 6.349046 0.098214 -0.003809 0.023329 0.666936 0.744740
1630597388.821411 110.602622 6.854773 0.092177 -0.006157 0.024592 0.672643 0.739533
1630597388.925049 110.165789 7.347090 0.086545 -0.007193 0.024438 0.679106 0.733598
1630597389.028687 109.723165 7.822314 0.079228 -0.005633 0.023360 0.686136 0.727077
1630597389.132324 109.280627 8.285553 0.070824 -0.001531 0.024122 0.693422 0.720126
1630597389.235962 108.830545 8.739941 0.064034 0.002457 0.025210 0.701144 0.712569
1630597389.339722 108.364438 9.183233 0.060320 0.004331 0.025654 0.709104 0.704624
1630597389.443360 107.881929 9.612294 0.061556 0.004170 0.024068 0.717519 0.696110
1630597389.547119 107.389913 10.033909 0.068721 0.002314 0.023708 0.726555 0.686695
1630597389.650879 106.892676 10.441574 0.077041 0.001128 0.024053 0.735714 0.676864
1630597389.754639 106.390220 10.830231 0.082518 0.001812 0.024817 0.744914 0.666696
1630597389.858399 105.881828 11.201973 0.084377 0.003243 0.026009 0.754393 0.655900
1630597389.962158 105.365776 11.556753 0.087003 0.004851 0.027537 0.763940 0.644681
1630597390.065918 104.837750 11.885918 0.095788 0.006690 0.025737 0.773412 0.633345
1630597390.169800 104.299630 12.193673 0.109057 0.008773 0.022550 0.782743 0.621875
1630597390.273560 103.763615 12.494878 0.121269 0.011049 0.024491 0.791862 0.610108
1630597390.377319 103.220132 12.783052 0.132256 0.011725 0.025376 0.800941 0.598090
1630597390.480957 102.665867 13.047855 0.148371 0.012250 0.025238 0.809081 0.587027
1630597390.584839 102.101189 13.290498 0.167761 0.011834 0.022632 0.816730 0.576455
1630597390.688599 101.535201 13.524688 0.187243 0.011146 0.021708 0.824470 0.565379
1630597390.792236 100.968750 13.748408 0.203976 0.010243 0.022249 0.831931 0.554338
1630597390.895996 100.393228 13.952447 0.217524 0.009727 0.021286 0.838380 0.544583
1630597390.999878 99.808498 14.143097 0.230951 0.007264 0.018914 0.844550 0.535093
1630597391.103516 99.224882 14.326938 0.243783 0.005487 0.018873 0.850302 0.525927
1630597391.207276 98.640683 14.503654 0.257552 0.003834 0.020704 0.855690 0.517060
1630597391.310913 98.053748 14.663688 0.268165 0.003444 0.021574 0.860974 0.508180
1630597391.414673 97.460394 14.801671 0.274064 0.004106 0.019553 0.866345 0.499047
1630597391.518311 96.862893 14.921715 0.280035 0.005104 0.016018 0.871721 0.489714
1630597391.621948 96.262288 15.037562 0.289857 0.004667 0.015030 0.877030 0.480178
1630597391.725464 95.661495 15.150769 0.299823 0.003684 0.016348 0.882173 0.470626
1630597391.829102 95.059325 15.252877 0.307201 0.003365 0.018608 0.886940 0.461497
1630597391.932617 94.455136 15.332856 0.314489 0.004110 0.018452 0.891453 0.452718
1630597392.036377 93.846068 15.393761 0.323331 0.005202 0.016749 0.896139 0.443428
1630597392.139771 93.236078 15.439943 0.332879 0.006302 0.013741 0.900918 0.433725
1630597392.243530 92.622066 15.481491 0.342493 0.006142 0.012880 0.905453 0.424207
1630597392.347168 92.010309 15.516147 0.354676 0.005906 0.013814 0.909625 0.415159
1630597392.450928 91.401648 15.537218 0.367963 0.007219 0.015241 0.913638 0.406178
1630597392.554688 90.793928 15.540207 0.379708 0.009794 0.015063 0.917594 0.397112
1630597392.658447 90.184780 15.528419 0.388559 0.012160 0.014271 0.921528 0.387859
1630597392.762207 89.572673 15.505240 0.401523 0.013134 0.012898 0.925472 0.378367
1630597392.865845 88.958798 15.473051 0.421790 0.012077 0.012362 0.929186 0.369207
1630597392.969727 88.342666 15.430394 0.441842 0.010613 0.011405 0.932838 0.359960
1630597393.073486 87.726992 15.378236 0.455421 0.008466 0.011052 0.936446 0.350536
1630597393.177246 87.113422 15.311677 0.465711 0.006549 0.010246 0.939792 0.341529
1630597393.280884 86.506419 15.231070 0.479498 0.005657 0.009269 0.942908 0.332877
1630597393.384766 85.903041 15.139100 0.494002 0.005850 0.008792 0.946043 0.323868
1630597393.488526 85.300380 15.038714 0.500950 0.005361 0.007102 0.949160 0.314667
1630597393.592163 84.703324 14.934923 0.503337 0.004118 0.009844 0.951913 0.306181
1630597393.695801 84.112795 14.808837 0.511433 0.005688 0.007590 0.954417 0.298326
1630597393.799561 83.524884 14.671154 0.527213 0.005467 0.005663 0.956726 0.290885
1630597393.903198 82.947351 14.525204 0.537948 0.008535 0.002939 0.958625 0.284528
1630597394.006958 82.375049 14.384362 0.542659 0.010794 0.003482 0.960202 0.279076
1630597394.110718 81.802899 14.242989 0.548641 0.011311 0.004543 0.961437 0.274756
1630597394.214356 81.231562 14.095669 0.557568 0.010073 0.004972 0.962456 0.271206
1630597394.318115 80.663643 13.939676 0.569871 0.009852 0.003270 0.963529 0.267401
1630597394.421875 80.100626 13.775288 0.581499 0.009763 0.000672 0.964427 0.264170
1630597394.525635 79.543696 13.604877 0.591531 0.011225 -0.003578 0.965122 0.261534
1630597394.629395 78.990897 13.442721 0.598673 0.012011 -0.004103 0.965634 0.259596
1630597394.732910 78.438167 13.287898 0.604161 0.013331 -0.002521 0.965926 0.258462
1630597394.836670 77.872763 13.146131 0.607905 0.011178 0.004755 0.966085 0.257938
1630597394.940430 77.305799 12.993113 0.615255 0.013702 0.007066 0.966118 0.257641
1630597395.044068 76.735276 12.818777 0.628750 0.015516 0.005756 0.966138 0.257494
1630597395.147705 76.159023 12.630106 0.644431 0.017233 -0.000567 0.966351 0.256647
1630597395.251343 75.578524 12.457301 0.654901 0.016884 -0.001314 0.966710 0.255315
1630597395.354981 74.992634 12.303383 0.668861 0.013674 0.002483 0.967306 0.253229
1630597395.458618 74.409271 12.141963 0.685026 0.011345 0.004365 0.967465 0.252714
1630597395.562256 73.833043 11.962180 0.696934 0.011938 0.002382 0.967248 0.253543
1630597395.666016 73.263068 11.777666 0.705643 0.013291 -0.001542 0.967269 0.253399
1630597395.769531 72.701533 11.601903 0.716112 0.013628 -0.004083 0.967242 0.253456
1630597395.873169 72.148274 11.437311 0.727803 0.011421 -0.005841 0.966972 0.254560
1630597395.976807 71.609538 11.283392 0.735979 0.010106 -0.006066 0.966791 0.255296
1630597396.080567 71.087190 11.134807 0.740195 0.008834 -0.005715 0.966667 0.255820
1630597396.184204 70.582967 10.986179 0.745367 0.008229 -0.007217 0.966354 0.256984
1630597396.287842 70.095418 10.845268 0.751183 0.007527 -0.008057 0.966015 0.258249
1630597396.391724 69.623422 10.711983 0.755607 0.007110 -0.008151 0.965761 0.259209
1630597396.495484 69.170842 10.583939 0.759162 0.007605 -0.008644 0.965509 0.260115
1630597396.599365 68.735660 10.461385 0.761200 0.008397 -0.008015 0.965236 0.261120
1630597396.703003 68.315857 10.343501 0.762228 0.009277 -0.007793 0.964918 0.262271
1630597396.806763 67.903076 10.231694 0.764500 0.010295 -0.007185 0.964699 0.263055
1630597396.910523 67.496312 10.125617 0.767867 0.009857 -0.005987 0.964517 0.263770
1630597397.014282 67.097999 10.022097 0.771254 0.009798 -0.004546 0.964258 0.264744
1630597397.117920 66.708835 9.919700 0.775772 0.009223 -0.004122 0.964005 0.265693
1630597397.221680 66.327887 9.818341 0.780360 0.008856 -0.004094 0.963805 0.266429
1630597397.325440 65.955311 9.718253 0.783658 0.008743 -0.004412 0.963610 0.267133
1630597397.428955 65.590655 9.618362 0.785323 0.009322 -0.005445 0.963440 0.267706
1630597397.532715 65.230367 9.518358 0.786666 0.009748 -0.007040 0.963333 0.268038
1630597397.636231 64.876237 9.424966 0.790010 0.009114 -0.007054 0.963204 0.268526
1630597397.739990 64.526239 9.338031 0.794741 0.008067 -0.006335 0.963092 0.268977
1630597397.843506 64.182229 9.253505 0.799100 0.007290 -0.005544 0.962965 0.269473
1630597397.947266 63.842816 9.167592 0.801751 0.007526 -0.004858 0.962849 0.269892
1630597398.050781 63.508420 9.077797 0.802825 0.008633 -0.005124 0.962711 0.270345
1630597398.154541 63.174565 8.979675 0.802805 0.010111 -0.008017 0.962619 0.270552
1630597398.258301 62.842026 8.870732 0.800761 0.012099 -0.014022 0.962459 0.270794
1630597398.362061 62.508859 8.763737 0.799897 0.012919 -0.020134 0.962365 0.270704
1630597398.465820 62.179158 8.679025 0.803060 0.012520 -0.020414 0.962225 0.271201
1630597398.569458 61.855396 8.615326 0.808307 0.012002 -0.015236 0.961902 0.272705
1630597398.673218 61.533472 8.555582 0.812712 0.011343 -0.010050 0.961560 0.274176
1630597398.777100 61.213812 8.487719 0.816658 0.010885 -0.007222 0.961300 0.275194
1630597398.880860 60.898947 8.404780 0.818451 0.012045 -0.008443 0.960876 0.276588
1630597398.984497 60.588136 8.314511 0.817020 0.014057 -0.011489 0.960277 0.278456
1630597399.088379 60.281743 8.226660 0.811285 0.016899 -0.013098 0.959590 0.280590
1630597399.192139 59.978321 8.142776 0.807483 0.020746 -0.015494 0.959023 0.282141
1630597399.295899 59.667001 8.073917 0.813157 0.019658 -0.015404 0.958950 0.282473
1630597399.399658 59.352130 8.015288 0.825083 0.015861 -0.013635 0.958904 0.282958
1630597399.503174 59.042703 7.957300 0.833769 0.013390 -0.011204 0.958655 0.284034
1630597399.606934 58.738726 7.894076 0.837674 0.013103 -0.009686 0.958485 0.284676
1630597399.710449 58.438862 7.827189 0.838341 0.013904 -0.008752 0.958364 0.285078
1630597399.814209 58.138313 7.758869 0.837968 0.015171 -0.008814 0.958112 0.285856
1630597399.917725 57.835089 7.696138 0.839643 0.014581 -0.007199 0.957933 0.286532
1630597400.021485 57.528770 7.628674 0.844022 0.014142 -0.008048 0.957571 0.287737
1630597400.125000 57.222174 7.556907 0.846443 0.014461 -0.009023 0.957040 0.289455
1630597400.228760 56.911184 7.484736 0.847550 0.015223 -0.010728 0.956542 0.291001
1630597400.332398 56.592132 7.421205 0.849084 0.014940 -0.010047 0.956078 0.292558
1630597400.436157 56.262248 7.364424 0.851761 0.013861 -0.007829 0.955442 0.294750
1630597400.539917 55.921138 7.308250 0.855695 0.012408 -0.005434 0.954641 0.297450
1630597400.643677 55.568832 7.245264 0.859154 0.011819 -0.005207 0.953751 0.300321
1630597400.747437 55.205734 7.176147 0.861756 0.011599 -0.006391 0.952763 0.303425
1630597400.851318 54.831940 7.107169 0.863191 0.011974 -0.007461 0.951608 0.306992
1630597400.955078 54.445620 7.044660 0.863336 0.011744 -0.007339 0.950328 0.310941
1630597401.058960 54.046436 6.991851 0.864155 0.010656 -0.004961 0.949074 0.314835
1630597401.162720 53.635893 6.945785 0.866628 0.009224 -0.001265 0.947869 0.318524
1630597401.266358 53.213756 6.897990 0.869138 0.008286 0.001365 0.946658 0.322131
1630597401.370239 52.782397 6.838353 0.870944 0.009342 0.001901 0.945658 0.325024
1630597401.473877 52.340985 6.767327 0.873160 0.011684 -0.001102 0.945049 0.326717
1630597401.577515 51.883980 6.697828 0.873422 0.013281 -0.003528 0.944542 0.328103
1630597401.681030 51.409809 6.643048 0.875036 0.011221 -0.001775 0.944170 0.329262
1630597401.784668 50.919668 6.597994 0.878073 0.008048 0.001618 0.944151 0.329412
1630597401.888306 50.416977 6.548415 0.880448 0.004952 0.004897 0.944420 0.328668
1630597401.991699 49.905556 6.474206 0.886529 0.003546 0.002373 0.944502 0.328478
1630597402.095215 49.388549 6.384940 0.890670 0.004408 -0.002797 0.944632 0.328089
1630597402.198853 48.864215 6.302029 0.889720 0.005523 -0.005510 0.945037 0.326871
1630597402.302490 48.331977 6.232405 0.886653 0.005689 -0.004706 0.945597 0.325257
1630597402.406128 47.792016 6.168056 0.882308 0.004978 -0.000836 0.945962 0.324238
1630597402.509888 47.243966 6.093453 0.879914 0.005402 0.000309 0.946242 0.323415
1630597402.613526 46.687246 6.010292 0.880337 0.005451 -0.000035 0.946568 0.322458
1630597402.717407 46.121642 5.921868 0.881094 0.005834 -0.001187 0.947003 0.321170
1630597402.821289 45.548208 5.832259 0.881829 0.005563 -0.001364 0.947392 0.320024
1630597402.925049 44.967899 5.741151 0.880692 0.005578 -0.001900 0.947846 0.318676
1630597403.028931 44.379990 5.649684 0.880089 0.004939 -0.001985 0.948356 0.317164
1630597403.132813 43.786714 5.558641 0.879625 0.004071 -0.001066 0.948890 0.315578
1630597403.236694 43.188877 5.459118 0.880148 0.004366 -0.002203 0.949304 0.314320
1630597403.340454 42.585998 5.351838 0.878585 0.005036 -0.004308 0.949634 0.313291
1630597403.444214 41.975890 5.246138 0.875434 0.004411 -0.004934 0.949924 0.312411
1630597403.548096 41.357143 5.143927 0.872486 0.003443 -0.004701 0.950144 0.311757
1630597403.651856 40.730545 5.038543 0.869090 0.001642 -0.005533 0.950141 0.311766
1630597403.755371 40.102377 4.921941 0.863763 0.002003 -0.009030 0.949925 0.312340
1630597403.859131 39.469805 4.806670 0.858250 0.003233 -0.011453 0.949643 0.313106
1630597403.962647 38.835755 4.704261 0.853854 0.004556 -0.010836 0.949250 0.314304
1630597404.066406 38.200123 4.610915 0.848374 0.006518 -0.007363 0.948765 0.315831
1630597404.169922 37.559460 4.516253 0.841225 0.007524 -0.004871 0.948052 0.317990
1630597404.273682 36.908775 4.417192 0.836786 0.007160 -0.005237 0.947283 0.320274
1630597404.377197 36.252660 4.321687 0.838191 0.005036 -0.006446 0.946709 0.321985
1630597404.480713 35.590971 4.232940 0.843433 0.001397 -0.006392 0.946076 0.323878
1630597404.584473 34.928015 4.151589 0.841843 -0.001426 -0.004466 0.945474 0.325665
1630597404.687988 34.263078 4.068071 0.831565 -0.003010 -0.003938 0.944878 0.327384
1630597404.791748 33.592586 3.978194 0.819170 -0.003978 -0.005716 0.944382 0.328776
1630597404.895264 32.925712 3.884760 0.810879 -0.002515 -0.007711 0.944039 0.329734
1630597404.999024 32.256569 3.796503 0.805384 -0.000850 -0.007866 0.943784 0.330469
1630597405.102661 31.586625 3.718071 0.793375 0.000553 -0.004583 0.943477 0.331406
1630597405.206421 30.904603 3.640284 0.777350 -0.000789 -0.002482 0.943200 0.332214
1630597405.310181 30.206060 3.554481 0.765716 -0.005539 -0.006541 0.942810 0.333219
1630597405.414063 29.501917 3.471716 0.758193 -0.012910 -0.008707 0.942417 0.334077
1630597405.517822 28.809200 3.391972 0.751022 -0.014053 -0.008119 0.942433 0.334002
1630597405.621582 28.126530 3.314379 0.733361 -0.012071 -0.005564 0.942391 0.334248
1630597405.725342 27.445999 3.239452 0.702898 -0.007280 -0.001399 0.942447 0.334273
1630597405.829224 26.753287 3.165054 0.678098 -0.006890 0.001601 0.942764 0.333386
1630597405.932861 26.049175 3.082603 0.667360 -0.009116 0.001916 0.943122 0.332315
1630597406.036743 25.338823 2.988474 0.660015 -0.011658 -0.000965 0.943607 0.330862
1630597406.140381 24.633556 2.891083 0.646552 -0.012312 -0.002760 0.944205 0.329116
1630597406.244141 23.932669 2.796865 0.627527 -0.011355 -0.002266 0.944753 0.327578
1630597406.347901 23.231093 2.704273 0.606440 -0.010253 -0.000784 0.945241 0.326211
1630597406.451416 22.527578 2.608513 0.585352 -0.009986 0.000416 0.945647 0.325043
1630597406.555176 21.817396 2.507361 0.567951 -0.010406 -0.000088 0.945954 0.324133
1630597406.658814 21.103465 2.404317 0.553722 -0.011954 -0.001185 0.946102 0.323644
1630597406.762451 20.388847 2.301716 0.536786 -0.013272 -0.001868 0.946192 0.323330
1630597406.866089 19.674848 2.200628 0.516251 -0.013900 -0.001747 0.946200 0.323279
1630597406.969849 18.959297 2.100944 0.494136 -0.014410 -0.001052 0.946203 0.323250
1630597407.073486 18.243776 2.000427 0.472298 -0.015190 -0.001053 0.946277 0.323000
1630597407.177124 17.529120 1.898089 0.449922 -0.015196 -0.000922 0.946265 0.323033
1630597407.280884 16.812689 1.793649 0.427342 -0.015157 -0.001284 0.946263 0.323039
1630597407.384522 16.091077 1.690166 0.401569 -0.017282 -0.001984 0.946295 0.322835
1630597407.488281 15.368254 1.581570 0.375146 -0.020125 -0.005584 0.946281 0.322670
1630597407.592041 14.664880 1.473790 0.354988 -0.018314 -0.006898 0.946329 0.322612
1630597407.695679 13.979431 1.374535 0.335143 -0.015079 -0.004777 0.946392 0.322632
1630597407.799317 13.306710 1.281312 0.304465 -0.010648 -0.001113 0.946415 0.322776
1630597407.903076 12.632412 1.183442 0.278864 -0.009815 -0.000749 0.946218 0.323379
1630597408.006958 11.954661 1.081249 0.270284 -0.013481 -0.004374 0.946177 0.323339
1630597408.110596 11.292270 0.981370 0.265180 -0.016513 -0.007694 0.946199 0.323072
1630597408.214356 10.650730 0.887201 0.250951 -0.016045 -0.008016 0.946224 0.323015
1630597408.318115 10.026011 0.796921 0.226020 -0.011847 -0.006306 0.946322 0.322947
1630597408.421631 9.408126 0.708826 0.200474 -0.007971 -0.003683 0.946329 0.323085
1630597408.525391 8.784242 0.616410 0.182312 -0.006099 -0.003870 0.946234 0.323401
1630597408.629151 8.155997 0.520674 0.171365 -0.006483 -0.006026 0.946215 0.323418
1630597408.732788 7.530524 0.422069 0.162142 -0.006754 -0.009081 0.946228 0.323303
1630597408.836426 6.912770 0.328007 0.152930 -0.006818 -0.010387 0.946236 0.323238
1630597408.940064 6.305874 0.241328 0.141642 -0.004612 -0.009119 0.946302 0.323123
1630597409.043701 5.705599 0.155649 0.129006 -0.001918 -0.007641 0.946366 0.323000
1630597409.147217 5.108832 0.066044 0.116009 0.000800 -0.007299 0.946281 0.323262
1630597409.251099 4.507518 -0.024595 0.106418 0.001191 -0.007367 0.946159 0.323617
1630597409.354736 3.905254 -0.116997 0.102616 0.000627 -0.010721 0.946287 0.323151
1630597409.458496 3.305218 -0.207814 0.100531 -0.001185 -0.012595 0.946263 0.323150
1630597409.562256 2.713197 -0.297104 0.095914 -0.001459 -0.013839 0.946203 0.323275
1630597409.665894 2.128931 -0.383441 0.087687 -0.000712 -0.013979 0.946313 0.322949
1630597409.769653 1.549998 -0.473330 0.076932 0.001299 -0.014896 0.946433 0.322554
1630597409.873413 0.973521 -0.564683 0.066817 0.002881 -0.015869 0.946386 0.322636
1630597409.977051 0.398708 -0.652663 0.059861 0.003764 -0.017062 0.946454 0.322366
1630597410.080811 -0.175865 -0.736212 0.053618 0.003397 -0.016798 0.946574 0.322032
1630597410.184570 -0.749418 -0.822163 0.046904 0.002581 -0.017803 0.946535 0.322098
1630597410.288330 -1.320575 -0.909791 0.038101 0.001857 -0.018972 0.946458 0.322264
1630597410.392090 -1.890877 -0.996134 0.029492 0.000555 -0.020330 0.946539 0.321949
1630597410.495728 -2.458489 -1.080764 0.020661 -0.001004 -0.021397 0.946658 0.321528
1630597410.599487 -3.021998 -1.165747 0.010240 -0.001640 -0.022119 0.946741 0.321231
1630597410.703125 -3.580267 -1.250535 -0.002554 -0.001297 -0.022407 0.946788 0.321076
1630597410.806885 -4.137481 -1.333879 -0.016891 -0.001058 -0.022347 0.946884 0.320795
1630597410.910645 -4.693895 -1.415799 -0.032042 -0.000716 -0.021542 0.947039 0.320394
1630597411.014282 -5.249830 -1.497852 -0.046188 -0.000467 -0.020650 0.947133 0.320176
1630597411.118042 -5.808702 -1.581967 -0.059480 -0.000387 -0.020101 0.947205 0.319996
1630597411.221680 -6.372912 -1.670217 -0.074374 -0.000206 -0.021926 0.947369 0.319393
1630597411.325440 -6.942732 -1.754026 -0.089833 -0.000860 -0.020682 0.947597 0.318796
1630597411.429077 -7.515692 -1.835626 -0.102943 -0.001094 -0.017831 0.947820 0.318306
1630597411.532715 -8.096866 -1.924041 -0.115375 -0.001194 -0.017058 0.948043 0.317683
1630597411.636475 -8.690628 -2.020129 -0.133767 -0.002337 -0.017821 0.948220 0.317104
1630597411.740112 -9.297036 -2.123124 -0.158179 -0.004762 -0.020521 0.948461 0.316193
1630597411.843994 -9.913972 -2.233444 -0.177641 -0.006781 -0.026063 0.948837 0.314616
1630597411.947510 -10.531334 -2.339627 -0.191231 -0.007737 -0.027425 0.949098 0.313689
1630597412.051270 -11.150104 -2.446185 -0.209189 -0.005653 -0.028325 0.949374 0.312817
1630597412.155029 -11.765777 -2.547366 -0.237856 -0.001426 -0.024525 0.949815 0.311847
1630597412.258789 -12.384003 -2.662092 -0.268297 0.006064 -0.023947 0.949949 0.311426
1630597412.362549 -13.023487 -2.783481 -0.289610 0.008459 -0.026083 0.950167 0.310534
1630597412.466187 -13.679869 -2.900709 -0.303654 0.006679 -0.028054 0.950402 0.309684
1630597412.569824 -14.347005 -3.011043 -0.312921 0.002345 -0.028243 0.950540 0.309307
1630597412.673584 -15.017546 -3.122380 -0.322388 -0.001351 -0.028115 0.950577 0.309212
1630597412.777344 -15.681623 -3.237680 -0.339649 -0.000799 -0.027735 0.950507 0.309463
1630597412.880982 -16.342945 -3.352451 -0.362433 0.002069 -0.026461 0.950464 0.309698
1630597412.984741 -17.012008 -3.464262 -0.386368 0.004301 -0.024034 0.950402 0.310063
1630597413.088501 -17.692154 -3.576928 -0.405575 0.004933 -0.022837 0.950394 0.310171
1630597413.192139 -18.381066 -3.691686 -0.418308 0.004358 -0.022073 0.950377 0.310286
1630597413.295899 -19.078037 -3.806814 -0.429209 0.002887 -0.021219 0.950403 0.310284
1630597413.399536 -19.780102 -3.924622 -0.443815 0.001841 -0.021012 0.950552 0.309848
1630597413.503296 -20.488178 -4.046065 -0.461530 0.001187 -0.021006 0.950639 0.309584
1630597413.606934 -21.201256 -4.166844 -0.477437 -0.000016 -0.020207 0.950784 0.309193
1630597413.710449 -21.918677 -4.285644 -0.493508 -0.000778 -0.018200 0.951026 0.308573
1630597413.814209 -22.643816 -4.406966 -0.513005 -0.001531 -0.016495 0.951138 0.308323
