1630597331.060160 -5.043741 0.351467 0.383828 0.991336 0.130204 0.014194 -0.009875
1630597331.310779 -5.043764 0.351461 0.383826 0.991335 0.130215 0.014219 -0.009878
1630597331.560759 -5.043738 0.351463 0.383827 0.991333 0.130231 0.014193 -0.009879
1630597331.811377 -5.043725 0.351452 0.383826 0.991334 0.130220 0.014181 -0.009892
1630597332.061991 -5.043777 0.351425 0.383823 0.991333 0.130223 0.014236 -0.009912
1630597332.311983 -5.043750 0.351406 0.383823 0.991336 0.130200 0.014212 -0.009934
1630597332.561966 -5.043706 0.351424 0.383825 0.991336 0.130209 0.014164 -0.009922
1630597332.811958 -5.043694 0.351405 0.383825 0.991337 0.130201 0.014156 -0.009942
1630597333.060689 -5.043729 0.351429 0.383826 0.991336 0.130205 0.014188 -0.009914
1630597333.310682 -5.043727 0.351394 0.383825 0.991335 0.130212 0.014191 -0.009950
1630597333.560044 -5.043716 0.351455 0.383827 0.991339 0.130186 0.014171 -0.009891
1630597333.809408 -5.043733 0.351440 0.383827 0.991337 0.130197 0.014189 -0.009902
1630597334.060017 -5.043688 0.351475 0.383827 0.991335 0.130220 0.014143 -0.009873
1630597334.310677 -5.043599 0.351463 0.383830 0.991338 0.130208 0.014057 -0.009897
1630597334.560616 -5.043580 0.351464 0.383831 0.991340 0.130195 0.014033 -0.009898
1630597334.811232 -5.043953 0.351714 0.383730 0.991320 0.130334 0.014209 -0.009805
1630597335.061215 -5.044053 0.352776 0.383424 0.991354 0.130067 0.014388 -0.009617
1630597335.311212 -5.036244 0.355287 0.382426 0.991408 0.129589 0.014984 -0.009644
1630597335.561194 -5.012377 0.362894 0.384375 0.991520 0.128831 0.014319 -0.009242
1630597335.810561 -4.984724 0.368720 0.385246 0.991675 0.127629 0.014280 -0.009318
1630597336.059931 -4.947086 0.376274 0.386288 0.991926 0.125657 0.014323 -0.009364
1630597336.309291 -4.883723 0.387356 0.386835 0.992362 0.122099 0.014944 -0.009326
1630597336.559902 -4.768503 0.408141 0.390082 0.993121 0.115839 0.014696 -0.008694
1630597336.809892 -4.601980 0.425670 0.396431 0.994170 0.106390 0.014490 -0.009880
1630597337.060502 -4.389248 0.442261 0.401127 0.995440 0.093393 0.015447 -0.011740
1630597337.311761 -4.116855 0.477506 0.404654 0.996856 0.077145 0.015570 -0.009191
1630597337.561755 -3.787355 0.496543 0.408358 0.998061 0.059535 0.015702 -0.009100
1630597337.811741 -3.403151 0.498246 0.415826 0.998940 0.042071 0.014889 -0.011266
1630597338.061110 -2.969686 0.509996 0.421276 0.999526 0.025718 0.013885 -0.009706
1630597338.309847 -2.486451 0.497857 0.431433 0.999779 0.013706 0.011473 -0.011076
1630597338.559211 -1.963851 0.484803 0.440898 0.999861 0.006211 0.009951 -0.011813
1630597338.809175 -1.402712 0.483701 0.444968 0.999897 0.003367 0.009626 -0.010107
1630597339.058532 -0.794196 0.470004 0.450860 0.999898 0.002846 0.008627 -0.011015
1630597339.309151 -0.139549 0.465267 0.456657 0.999911 0.003127 0.008181 -0.010088
1630597339.559766 0.558378 0.461218 0.460603 0.999918 0.004394 0.007530 -0.009338
1630597339.810383 1.294139 0.461310 0.466010 0.999918 0.006500 0.007235 -0.008297
1630597340.060371 2.064845 0.458454 0.469409 0.999880 0.010136 0.007241 -0.009209
1630597340.310995 2.872827 0.489486 0.475332 0.999833 0.016045 0.007409 -0.004636
1630597340.561597 3.714838 0.526015 0.479269 0.999742 0.021498 0.007312 -0.001124
1630597340.811584 4.581029 0.557075 0.488200 0.999627 0.026107 0.007990 -0.000422
1630597341.061571 5.456672 0.607392 0.498643 0.999519 0.028650 0.011471 0.002970
1630597341.310938 6.352750 0.646657 0.505683 0.999441 0.030054 0.014306 0.003242
1630597341.560299 7.279522 0.688280 0.521614 0.999403 0.031231 0.014423 0.003250
1630597341.809669 8.224110 0.739340 0.546747 0.999347 0.032806 0.014439 0.004656
1630597342.059028 9.178969 0.779963 0.565467 0.999237 0.035097 0.016870 0.002857
1630597342.309029 10.150729 0.840176 0.589943 0.999006 0.039881 0.019694 0.002937
1630597342.559015 11.146224 0.908082 0.617477 0.998763 0.045464 0.020024 0.002097
1630597342.810252 12.176823 0.993171 0.645711 0.998622 0.049943 0.015955 0.002347
1630597343.060862 13.199105 1.098118 0.681367 0.998409 0.054511 0.013416 0.005376
1630597343.310853 14.175656 1.187469 0.713447 0.998037 0.059153 0.020191 0.004006
1630597343.561465 15.146345 1.300808 0.720179 0.997677 0.063127 0.025007 0.005513
1630597343.811457 16.129036 1.426066 0.781523 0.997535 0.067687 0.016433 0.008461
1630597344.060817 17.057414 1.535065 0.808722 0.997211 0.072248 0.017561 0.006437
1630597344.310190 17.965105 1.665989 0.829315 0.996821 0.076789 0.019689 0.008005
1630597344.559553 18.888318 1.796090 0.860412 0.996524 0.080905 0.018463 0.007265
1630597344.809541 19.828950 1.936267 0.886063 0.996254 0.084179 0.018602 0.006803
1630597345.059531 20.799182 2.084932 0.914311 0.996082 0.086500 0.017299 0.006242
1630597345.309519 21.797579 2.236158 0.938630 0.995970 0.088287 0.015041 0.004828
1630597345.560134 22.798476 2.405923 0.966561 0.995878 0.089235 0.014715 0.006874
1630597345.810747 23.797357 2.559985 0.988915 0.995888 0.089253 0.014556 0.005404
1630597346.061361 24.788431 2.709551 1.009437 0.995904 0.089098 0.014947 0.003563
1630597346.311356 25.763560 2.879152 1.038603 0.995906 0.089076 0.014052 0.006321
1630597346.561343 26.727115 3.022859 1.055651 0.995936 0.089068 0.012630 0.004363
1630597346.811332 27.661430 3.155947 1.080372 0.995980 0.088620 0.012998 0.000808
1630597347.060701 28.559362 3.299952 1.105721 0.995882 0.089251 0.015918 0.000067
1630597347.310066 29.460702 3.432942 1.109783 0.995875 0.089589 0.014151 -0.002721
1630597347.559432 30.363316 3.581916 1.143068 0.995871 0.090566 0.006069 -0.001604
1630597347.808792 31.224005 3.735189 1.164022 0.995899 0.090338 0.004648 0.001637
1630597348.058157 32.048866 3.855388 1.166066 0.995904 0.089763 0.010764 -0.001101
1630597348.308783 32.892674 3.990645 1.169587 0.996010 0.088555 0.011057 -0.000875
1630597348.559391 33.742270 4.138108 1.182996 0.996077 0.087938 0.009580 0.002254
1630597348.810000 34.605428 4.267391 1.205631 0.996203 0.086873 0.005598 0.001463
1630597349.060618 35.468624 4.380964 1.202972 0.996273 0.086039 0.005541 -0.002581
1630597349.310619 36.361091 4.498971 1.205003 0.996361 0.084956 0.000613 -0.006798
1630597349.561224 37.241376 4.651706 1.215698 0.996527 0.083224 0.002137 -0.001712
1630597349.810587 38.118507 4.780410 1.215339 0.996445 0.083940 0.006920 -0.001706
1630597350.059951 39.018796 4.885427 1.206721 0.996443 0.083360 0.009503 -0.007885
1630597350.309948 39.943101 5.044691 1.224065 0.996578 0.082360 0.006621 -0.002419
1630597350.559304 40.870745 5.193166 1.234243 0.996627 0.081929 0.004580 0.000547
1630597350.808672 41.804847 5.307339 1.234728 0.996675 0.081297 0.004137 -0.003581
1630597351.059289 42.748434 5.455630 1.242150 0.996772 0.080222 0.003208 -0.000057
1630597351.309905 43.696820 5.589360 1.241158 0.996913 0.078461 0.002657 0.000684
1630597351.559890 44.643108 5.702409 1.242492 0.997172 0.075121 0.001758 -0.001385
1630597351.811131 45.582585 5.831248 1.244024 0.997392 0.072145 0.001627 0.001087
1630597352.061119 46.505250 5.931451 1.242267 0.997559 0.069803 0.001578 -0.001071
1630597352.310487 47.400968 6.033160 1.243120 0.997690 0.067892 0.001570 -0.001579
1630597352.559855 48.257167 6.119895 1.241812 0.997754 0.066852 0.000196 -0.004238
1630597352.809846 49.050745 6.214521 1.243035 0.997606 0.069009 0.000305 -0.004395
1630597353.059213 49.805696 6.344082 1.241078 0.997388 0.072152 0.000253 0.003289
1630597353.309203 50.562064 6.408977 1.238727 0.997229 0.074276 -0.001156 -0.003975
1630597353.559814 51.305109 6.497745 1.237096 0.997093 0.075923 -0.001218 -0.006368
1630597353.809807 52.036830 6.618627 1.236465 0.996926 0.078280 -0.001833 -0.002588
1630597354.060422 52.756622 6.723757 1.226081 0.996477 0.083789 0.000374 -0.003605
1630597354.311033 53.485879 6.823782 1.221690 0.996025 0.088701 0.000478 -0.008194
1630597354.561026 54.226458 6.950124 1.219238 0.995339 0.096022 0.000532 -0.008954
1630597354.810391 54.995933 7.100603 1.212304 0.994653 0.102913 0.001105 -0.008539
1630597355.060382 55.833351 7.250992 1.204580 0.993891 0.109578 -0.000793 -0.013109
1630597355.309748 56.724561 7.449057 1.199806 0.993137 0.116303 -0.001785 -0.012194
1630597355.559113 57.672836 7.675441 1.189508 0.992367 0.122853 -0.001881 -0.010512
1630597355.809107 58.691046 7.885149 1.173023 0.991628 0.127893 -0.001809 -0.017731
1630597356.059099 59.751105 8.183391 1.167174 0.991409 0.130368 -0.002765 -0.010256
1630597356.309111 60.836026 8.473308 1.160822 0.990626 0.136380 0.000141 -0.007820
1630597356.559076 61.955311 8.753090 1.143489 0.989597 0.143320 0.000774 -0.012523
1630597356.809695 63.081790 9.127743 1.152483 0.988681 0.150015 -0.001453 -0.001688
1630597357.060316 64.220181 9.454696 1.136558 0.987498 0.157487 -0.001754 -0.006454
1630597357.310919 65.363030 9.813163 1.130776 0.986589 0.163044 -0.003217 -0.006909
1630597357.560914 66.492841 10.192900 1.122329 0.985807 0.167796 -0.001568 -0.005101
1630597357.810284 67.626859 10.572232 1.112212 0.984964 0.172649 0.000861 -0.006092
1630597358.059650 68.782909 10.986451 1.106367 0.984363 0.176125 0.000317 -0.003093
1630597358.309647 69.971400 11.420768 1.100636 0.984288 0.176560 -0.001415 0.001297
1630597358.559018 71.194217 11.841567 1.086493 0.984542 0.175114 -0.003360 0.001030
1630597358.808993 72.452363 12.279228 1.067197 0.985129 0.171686 -0.005181 0.004228
1630597359.058991 73.752505 12.700457 1.042281 0.986389 0.164193 -0.007962 0.003693
1630597359.308977 75.074521 13.119562 1.013094 0.988357 0.151715 -0.005978 0.009859
1630597359.559597 76.452140 13.462259 0.981701 0.990330 0.138619 -0.004222 0.003790
1630597359.810208 77.872643 13.820745 0.953843 0.992370 0.122963 -0.002670 0.008620
1630597360.060822 79.360000 14.108303 0.936633 0.993960 0.109522 -0.005555 0.004296
1630597360.310813 80.874188 14.384412 0.904394 0.995549 0.093897 -0.004570 0.006662
1630597360.560178 82.431859 14.621661 0.880710 0.996888 0.078236 -0.005799 0.007739
1630597360.809549 84.008685 14.791025 0.852501 0.998164 0.059882 -0.002727 0.008633
1630597361.060165 85.637142 14.912823 0.837220 0.999114 0.040477 -0.004787 0.010521
1630597361.309530 87.290770 14.959915 0.806558 0.999744 0.017361 -0.008363 0.011844
1630597361.559517 88.966924 14.925034 0.773661 0.999819 -0.007166 -0.012218 0.012687
1630597361.809512 90.620430 14.807060 0.732719 0.999301 -0.033605 -0.007894 0.014316
1630597362.060125 92.274632 14.592856 0.701639 0.998056 -0.060549 -0.004487 0.014059
1630597362.310745 93.936931 14.299412 0.688579 0.996079 -0.086550 -0.008461 0.016277
1630597362.560113 95.533434 13.915749 0.664840 0.993498 -0.112676 -0.005156 0.015478
1630597362.810101 97.130195 13.450414 0.647660 0.990221 -0.138299 -0.009631 0.015594
1630597363.059468 98.678604 12.921232 0.624882 0.986091 -0.164787 -0.009503 0.019499
1630597363.308835 100.214719 12.289672 0.594286 0.980689 -0.193796 -0.016293 0.020638
1630597363.558825 101.706844 11.558299 0.556017 0.973356 -0.227401 -0.019243 0.022285
1630597363.808191 103.125758 10.716002 0.508453 0.964595 -0.262450 -0.011173 0.023501
1630597364.058183 104.527785 9.732416 0.488296 0.954225 -0.298145 -0.008904 0.022008
1630597364.308178 105.890433 8.640339 0.475821 0.942702 -0.332717 -0.007032 0.023744
1630597364.558161 107.197132 7.441872 0.477567 0.931387 -0.362988 -0.003590 0.027305
1630597364.808780 108.446625 6.124183 0.489817 0.920117 -0.390802 0.000536 0.025645
1630597365.058772 109.667613 4.697596 0.515612 0.911511 -0.410804 -0.003156 0.019442
1630597365.308765 110.848353 3.219087 0.523741 0.904073 -0.426996 -0.000686 0.018071
1630597365.559382 112.022854 1.671111 0.537052 0.896413 -0.442770 -0.002134 0.019838
1630597365.809370 113.167208 0.063551 0.550390 0.890493 -0.454456 -0.001347 0.022135
1630597366.059986 114.331095 -1.597949 0.569199 0.886265 -0.462284 -0.006089 0.028100
1630597366.309983 115.475138 -3.304031 0.585426 0.883170 -0.467999 -0.011366 0.029311
1630597366.559971 116.594458 -5.029549 0.590127 0.881944 -0.470299 -0.013351 0.028561
1630597366.809337 117.702784 -6.754427 0.588520 0.883100 -0.468285 -0.012696 0.026113
1630597367.058702 118.832713 -8.471544 0.583693 0.886148 -0.462624 -0.013339 0.023292
1630597367.308698 119.988188 -10.162784 0.573477 0.890481 -0.454323 -0.011424 0.022455
1630597367.558687 121.198606 -11.834341 0.562473 0.895313 -0.444632 -0.015401 0.021915
1630597367.809303 122.427584 -13.467718 0.542370 0.900255 -0.434593 -0.012993 0.022377
1630597368.059293 123.680152 -15.061745 0.528732 0.904748 -0.425242 -0.009624 0.022533
1630597368.309908 124.965691 -16.643165 0.528997 0.909220 -0.415759 -0.010225 0.018954
1630597368.559906 126.267590 -18.156896 0.521098 0.913530 -0.406159 -0.006378 0.021359
1630597368.809890 127.579409 -19.634604 0.530514 0.917581 -0.396954 -0.000294 0.021724
1630597369.059264 128.936466 -21.095340 0.552560 0.921783 -0.387310 -0.005222 0.016695
1630597369.308627 130.299505 -22.485341 0.557873 0.925754 -0.377544 -0.004105 0.020543
1630597369.558623 131.678934 -23.843898 0.567229 0.930068 -0.366796 -0.001354 0.020791
1630597369.808615 133.093834 -25.187659 0.582229 0.933974 -0.356928 -0.006180 0.016037
1630597370.059228 134.505257 -26.463530 0.583630 0.937692 -0.347028 -0.001277 0.017435
1630597370.309846 135.952258 -27.714800 0.589646 0.941672 -0.336131 -0.002374 0.016260
1630597370.560463 137.434617 -28.941883 0.600461 0.944958 -0.326837 -0.009697 0.011722
1630597370.810453 138.889443 -30.105596 0.572834 0.948528 -0.316472 -0.002877 0.011486
1630597371.059820 140.392549 -31.237638 0.569863 0.951787 -0.306479 -0.006238 0.011540
1630597371.309194 141.892853 -32.327243 0.558101 0.954673 -0.297402 -0.004062 0.011634
1630597371.558561 143.397414 -33.380296 0.551877 0.957515 -0.288147 -0.001454 0.011619
1630597371.807929 144.919417 -34.384486 0.554509 0.960297 -0.278633 -0.002807 0.013581
1630597372.057918 146.437443 -35.336826 0.555648 0.963157 -0.268416 -0.005143 0.015953
1630597372.307923 147.913183 -36.225570 0.553540 0.966594 -0.255770 -0.002664 0.016480
1630597372.558525 149.372862 -37.043873 0.557127 0.969549 -0.244172 -0.003340 0.018542
1630597372.809144 150.782534 -37.814739 0.563101 0.973033 -0.230214 -0.002523 0.014179
1630597373.059135 152.143193 -38.466495 0.566925 0.978260 -0.206839 0.001899 0.014893
1630597373.309759 153.484697 -39.011735 0.578019 0.984441 -0.175200 0.000654 0.013394
1630597373.560371 154.772484 -39.417826 0.591430 0.990799 -0.134850 0.000872 0.011500
1630597373.810366 155.992167 -39.668364 0.593720 0.996165 -0.086818 0.000683 0.010808
1630597374.060355 157.134352 -39.769735 0.600750 0.999304 -0.035480 -0.001936 0.011380
1630597374.310356 158.167446 -39.748460 0.598547 0.999747 0.020325 -0.000348 0.009673
1630597374.559718 159.105953 -39.594196 0.594014 0.996809 0.078935 -0.000781 0.011890
1630597374.809086 159.951107 -39.367607 0.592153 0.989976 0.141046 -0.001410 0.007208
1630597375.058451 160.689335 -39.032040 0.584347 0.978224 0.207469 -0.000306 0.005839
1630597375.308444 161.341132 -38.597018 0.576924 0.960508 0.278171 0.000980 0.006603
1630597375.558435 161.915437 -38.085389 0.570981 0.936440 0.350800 -0.000878 0.004250
1630597375.808431 162.376142 -37.491776 0.563480 0.905522 0.424261 -0.001815 0.005320
1630597376.059671 162.725069 -36.837023 0.552324 0.868604 0.495446 -0.002293 0.007467
1630597376.310288 162.971866 -36.156183 0.538600 0.825917 0.563747 -0.003999 0.005849
1630597376.560284 163.102038 -35.447744 0.526434 0.777587 0.628696 -0.007801 0.006200
1630597376.810277 163.110072 -34.736179 0.508144 0.724233 0.689453 -0.010152 0.006221
1630597377.060267 162.998291 -34.035520 0.489431 0.665273 0.746498 -0.010821 0.005994
1630597377.309638 162.776049 -33.349675 0.470544 0.600064 0.799851 -0.012159 0.003801
1630597377.559004 162.437248 -32.676706 0.450322 0.527704 0.849287 -0.015479 -0.000228
1630597377.808365 161.946481 -32.034127 0.430955 0.449685 0.893030 -0.016402 -0.003351
1630597378.057737 161.295641 -31.447578 0.417138 0.369322 0.929186 -0.013837 -0.004862
1630597378.308359 160.505635 -30.907036 0.401017 0.293992 0.955682 -0.013594 -0.007418
1630597378.558973 159.576206 -30.427385 0.397702 0.227397 0.973657 -0.015667 -0.006133
1630597378.810215 158.528182 -30.030223 0.392473 0.167954 0.985626 -0.017618 -0.004820
1630597379.060831 157.392670 -29.752020 0.390380 0.118481 0.992859 -0.012207 -0.006609
1630597379.311452 156.188045 -29.533625 0.387651 0.082237 0.996522 -0.009571 -0.009486
1630597379.560820 154.907467 -29.356921 0.393988 0.059131 0.998193 -0.009023 -0.005808
1630597379.810190 153.586394 -29.226306 0.404741 0.045927 0.998917 -0.005377 -0.005248
1630597380.059559 152.245078 -29.068996 0.404595 0.039179 0.999111 -0.010886 -0.011161
1630597380.308935 150.834106 -28.956033 0.418859 0.040542 0.999119 -0.004717 -0.009735
1630597380.558292 149.381579 -28.776490 0.434500 0.051308 0.998640 -0.006970 -0.006092
1630597380.807658 147.901670 -28.572799 0.438437 0.065194 0.997851 -0.003649 -0.005504
1630597381.057649 146.402726 -28.310399 0.446456 0.082857 0.996505 -0.001412 -0.010489
1630597381.308272 144.846281 -27.969826 0.457389 0.105765 0.994346 0.000419 -0.009491
1630597381.558889 143.265494 -27.525831 0.479992 0.129742 0.991525 -0.002200 -0.006310
1630597381.808878 141.709486 -27.009204 0.486923 0.154321 0.987978 -0.002753 -0.008746
1630597382.059503 140.157547 -26.402598 0.502161 0.178851 0.983833 -0.004605 -0.007932
1630597382.309500 138.628755 -25.714402 0.513489 0.203625 0.978992 -0.006556 -0.008234
1630597382.559486 137.111341 -24.943863 0.521151 0.228613 0.973472 -0.007188 -0.006102
1630597382.808850 135.626864 -24.084652 0.522917 0.253403 0.967304 -0.009062 -0.005354
1630597383.058223 134.170441 -23.152206 0.520738 0.278461 0.960398 -0.007880 -0.005788
1630597383.308212 132.745524 -22.129486 0.517468 0.303185 0.952886 -0.008254 -0.004342
1630597383.558204 131.372887 -21.018411 0.514239 0.327291 0.944853 -0.011193 -0.002784
1630597383.808198 130.071806 -19.845462 0.502466 0.349365 0.936848 -0.014778 -0.006530
1630597384.058814 128.795687 -18.614582 0.493758 0.370687 0.928636 -0.014713 -0.003226
1630597384.310061 127.595501 -17.348198 0.482183 0.391888 0.919900 -0.011766 -0.008297
1630597384.560055 126.444156 -16.054437 0.485316 0.411933 0.911156 -0.004134 -0.009434
1630597384.810044 125.360787 -14.696385 0.498424 0.427967 0.903746 -0.005338 -0.007647
1630597385.059412 124.315219 -13.329046 0.509074 0.440968 0.897505 -0.004660 -0.003265
1630597385.309423 123.357017 -11.952705 0.510442 0.452250 0.891817 -0.005771 -0.009926
1630597385.558777 122.427399 -10.552911 0.519352 0.460794 0.887396 -0.009815 -0.010032
1630597385.808146 121.514540 -9.155011 0.529910 0.467659 0.883800 -0.011825 -0.007288
1630597386.057514 120.644192 -7.772414 0.526376 0.471433 0.881737 -0.012778 -0.011270
1630597386.307507 119.763619 -6.391190 0.531669 0.472778 0.881034 -0.012787 -0.009813
1630597386.558124 118.892893 -5.014380 0.533884 0.472331 0.881269 -0.013445 -0.009295
1630597386.808742 118.018172 -3.650706 0.532398 0.470919 0.882035 -0.013365 -0.008381
1630597387.059361 117.147107 -2.293905 0.529088 0.468972 0.883054 -0.014340 -0.008679
1630597387.309977 116.269744 -0.943537 0.523744 0.467132 0.884026 -0.014983 -0.007829
1630597387.559974 115.390171 0.394362 0.516819 0.463503 0.885912 -0.016137 -0.008000
1630597387.809968 114.500762 1.724535 0.507182 0.458987 0.888219 -0.018278 -0.008058
1630597388.059333 113.593257 3.028704 0.497560 0.451525 0.892027 -0.018454 -0.008544
1630597388.308711 112.660556 4.321045 0.487264 0.441029 0.897208 -0.021221 -0.007757
1630597388.558073 111.689250 5.571465 0.474977 0.427134 0.903903 -0.021259 -0.007936
1630597388.807441 110.671212 6.802481 0.457415 0.411209 0.911193 -0.024820 -0.004358
1630597389.057434 109.610436 7.966041 0.441552 0.390910 0.920123 -0.023233 -0.004867
1630597389.307430 108.526674 9.058041 0.425656 0.366925 0.929889 -0.021927 -0.013841
1630597389.558045 107.350679 10.089038 0.434231 0.338922 0.940517 -0.020766 -0.011358
1630597389.808663 106.139888 11.038160 0.448324 0.307544 0.951195 -0.022136 -0.012425
1630597390.059284 104.887565 11.877246 0.459524 0.273554 0.961485 -0.021171 -0.016335
1630597390.309948 103.593144 12.609871 0.489288 0.238829 0.970628 -0.020307 -0.020748
1630597390.559270 102.258017 13.241118 0.527391 0.206299 0.978129 -0.016802 -0.020564
1630597390.809262 100.890212 13.792116 0.570838 0.174860 0.984292 -0.015955 -0.018384
1630597391.058629 99.488454 14.257141 0.602761 0.148047 0.988785 -0.014674 -0.013044
1630597391.308005 98.080479 14.671783 0.632579 0.123250 0.992135 -0.018427 -0.011775
1630597391.557993 96.641831 14.973607 0.648248 0.097589 0.995100 -0.011632 -0.010859
1630597391.808617 95.186758 15.245206 0.670623 0.071767 0.997246 -0.015594 -0.010288
1630597392.059232 93.720236 15.413502 0.690237 0.047179 0.998744 -0.012407 -0.011439
1630597392.309852 92.238007 15.512921 0.714845 0.021833 0.999649 -0.010540 -0.010645
1630597392.559846 90.774710 15.546995 0.744967 -0.001978 0.999837 -0.009737 -0.015108
1630597392.809841 89.302706 15.496154 0.775110 -0.026423 0.999492 -0.006205 -0.016679
1630597393.058579 87.824243 15.391782 0.818706 -0.050277 0.998635 -0.006745 -0.012475
1630597393.307950 86.355077 15.213572 0.848513 -0.072884 0.997280 -0.006347 -0.008909
1630597393.557320 84.907837 14.978611 0.867264 -0.095599 0.995363 -0.007716 -0.007398
1630597393.807315 83.486384 14.662947 0.893336 -0.115049 0.993329 -0.002734 -0.007335
1630597394.057927 82.102407 14.316698 0.910316 -0.129110 0.991561 0.000063 -0.011694
1630597394.308547 80.723311 13.955061 0.933646 -0.138417 0.990320 0.000587 -0.010319
1630597394.559166 79.371822 13.546760 0.959092 -0.145515 0.989283 0.008034 -0.008908
1630597394.809783 78.028803 13.180245 0.971852 -0.148273 0.988869 0.003660 -0.011800
1630597395.060408 76.656776 12.789679 0.996085 -0.149009 0.988699 0.002038 -0.016341
1630597395.309777 75.259092 12.368539 1.026946 -0.152284 0.988224 0.004731 -0.014153
1630597395.559770 73.855633 11.966134 1.061605 -0.152954 0.988159 0.002519 -0.011879
1630597395.809135 72.496711 11.531709 1.085514 -0.152675 0.988183 0.009629 -0.009553
1630597396.058507 71.202105 11.160725 1.104328 -0.150761 0.988511 0.008923 -0.006085
1630597396.307891 70.006610 10.812080 1.117084 -0.147909 0.988941 0.010324 -0.003547
1630597396.557868 68.911018 10.502943 1.125625 -0.145552 0.989288 0.010502 -0.003563
1630597396.807863 67.904602 10.223524 1.129419 -0.143199 0.989614 0.010674 -0.006583
1630597397.058483 66.937101 9.973275 1.137787 -0.141008 0.989952 0.007728 -0.007182
1630597397.309106 66.018827 9.728754 1.148133 -0.139124 0.990225 0.007772 -0.006280
1630597397.559719 65.142793 9.486533 1.152218 -0.137971 0.990365 0.010232 -0.005976
1630597397.809722 64.298258 9.275308 1.162717 -0.136767 0.990556 0.008438 -0.004685
1630597398.059706 63.484730 9.064393 1.167796 -0.135685 0.990700 0.008242 -0.005926
1630597398.309079 62.684352 8.801697 1.164554 -0.135250 0.990575 0.021140 -0.004657
1630597398.558445 61.894978 8.608196 1.172473 -0.133442 0.990858 0.019288 -0.004754
1630597398.807817 61.126410 8.457119 1.182443 -0.130389 0.991373 0.011228 -0.007274
1630597399.057185 60.381211 8.241603 1.177982 -0.125792 0.991864 0.017209 -0.009294
1630597399.305930 59.646907 8.053296 1.178786 -0.123086 0.992090 0.021710 -0.011625
1630597399.556549 58.892545 7.915865 1.201221 -0.121124 0.992503 0.014393 -0.007774
1630597399.806540 58.169334 7.754363 1.202744 -0.119731 0.992652 0.014153 -0.010323
1630597400.057160 57.431485 7.595439 1.209978 -0.117118 0.992980 0.013359 -0.009784
1630597400.307153 56.679050 7.425377 1.213396 -0.113142 0.993411 0.015499 -0.009668
1630597400.557145 55.870869 7.292024 1.221203 -0.107165 0.994151 0.009728 -0.009180
1630597400.807763 54.996779 7.128010 1.227615 -0.099347 0.994957 0.011241 -0.008028
1630597401.057762 54.057347 6.986494 1.229033 -0.089531 0.995914 0.008839 -0.007791
1630597401.308384 53.045841 6.876125 1.234716 -0.080396 0.996729 0.000964 -0.008164
1630597401.557753 51.980692 6.705099 1.238284 -0.075794 0.997033 0.008071 -0.010742
1630597401.807747 50.814410 6.587787 1.243472 -0.074266 0.997208 0.000821 -0.007697
1630597402.058368 49.575716 6.415118 1.254772 -0.075357 0.997147 0.002760 -0.003283
1630597402.307737 48.307653 6.224709 1.251417 -0.078608 0.996879 0.006387 -0.003391
1630597402.558357 46.988532 6.053865 1.245064 -0.080929 0.996705 0.002162 -0.005044
1630597402.808361 45.623647 5.840794 1.246834 -0.083935 0.996453 0.003871 -0.004668
1630597403.057724 44.219066 5.622330 1.244829 -0.087507 0.996151 0.003551 -0.003745
1630597403.307717 42.779304 5.383014 1.244383 -0.090792 0.995855 0.004633 -0.002910
1630597403.557716 41.300563 5.130682 1.237180 -0.092766 0.995672 0.005433 -0.001129
1630597403.808330 39.780070 4.852088 1.225714 -0.091772 0.995706 0.012032 0.001485
1630597404.058327 38.252371 4.611082 1.213834 -0.088594 0.996016 0.009728 -0.002758
1630597404.308330 36.693263 4.379803 1.201338 -0.083146 0.996501 0.007586 -0.003890
1630597404.558315 35.093318 4.168917 1.208254 -0.078602 0.996894 0.004098 0.002785
1630597404.808310 33.481641 3.959860 1.182451 -0.074654 0.997183 0.004134 0.005972
1630597405.058308 31.872538 3.745092 1.164620 -0.072541 0.997338 0.006981 0.002448
1630597405.308302 30.213529 3.552811 1.130802 -0.070157 0.997500 0.003858 0.007497
1630597405.558296 28.530798 3.359920 1.110584 -0.069274 0.997473 0.001564 0.015720
1630597405.808290 26.890073 3.182814 1.046831 -0.069745 0.997544 -0.003625 0.005354
1630597406.058288 25.183263 2.970129 1.022750 -0.072993 0.997261 -0.003497 0.011403
1630597406.308323 23.491340 2.741429 0.979570 -0.076987 0.996974 -0.003114 0.010324
1630597406.558277 21.788814 2.506668 0.932436 -0.079737 0.996761 -0.004046 0.009648
1630597406.808901 20.059041 2.257891 0.892742 -0.080615 0.996652 -0.003495 0.013170
1630597407.058906 18.333707 2.017401 0.840228 -0.080855 0.996611 -0.004980 0.014284
1630597407.308264 16.611971 1.768469 0.785896 -0.080928 0.996601 -0.004546 0.014730
1630597407.557633 14.880758 1.508564 0.725885 -0.081261 0.996479 -0.001610 0.020594
1630597407.807004 13.249641 1.276195 0.666899 -0.081112 0.996650 -0.003364 0.009868
1630597408.056999 11.620449 1.031462 0.633118 -0.080663 0.996606 -0.000128 0.016405
1630597408.306995 10.082401 0.804651 0.593799 -0.080956 0.996619 0.001212 0.013974
1630597408.556989 8.587803 0.586218 0.543417 -0.080438 0.996731 0.001420 0.007410
1630597408.807172 7.078929 0.347910 0.520512 -0.080650 0.996665 0.006786 0.010418
1630597409.056977 5.626160 0.139728 0.492259 -0.080910 0.996693 0.006213 0.004341
1630597409.307597 4.177581 -0.081653 0.468781 -0.080486 0.996709 0.009174 0.002919
1630597409.557596 2.735416 -0.302329 0.461040 -0.080606 0.996650 0.012071 0.006792
1630597409.807600 1.336768 -0.518514 0.437742 -0.081326 0.996561 0.015319 0.004284
1630597410.057585 -0.048828 -0.730028 0.419778 -0.081816 0.996499 0.016870 0.003460
1630597410.307582 -1.429817 -0.939537 0.401199 -0.081661 0.996475 0.018224 0.006139
1630597410.558198 -2.804677 -1.146466 0.379387 -0.082578 0.996345 0.019347 0.010158
1630597410.808192 -4.150455 -1.350121 0.347554 -0.083153 0.996286 0.020077 0.009871
1630597411.058815 -5.494217 -1.547235 0.312823 -0.083872 0.996272 0.018377 0.008395
1630597411.308187 -6.853156 -1.754385 0.277265 -0.085126 0.996154 0.018687 0.009004
1630597411.558183 -8.246218 -1.959001 0.245714 -0.086667 0.996085 0.015505 0.007992
1630597411.808179 -9.710014 -2.212216 0.192582 -0.089141 0.995689 0.020863 0.014908
1630597412.058174 -11.201635 -2.471297 0.153603 -0.091524 0.995385 0.023750 0.016397
1630597412.308178 -12.685624 -2.738685 0.084654 -0.093250 0.995303 0.025878 0.002616
1630597412.558164 -14.275978 -3.018661 0.052330 -0.095082 0.995071 0.026820 0.008614
1630597412.808785 -15.888208 -3.291923 0.018249 -0.094915 0.995104 0.025259 0.010978
1630597413.058777 -17.498019 -3.561076 -0.036147 -0.094295 0.995274 0.022744 0.004680
1630597413.308776 -19.167759 -3.836654 -0.066124 -0.094249 0.995318 0.020616 0.005833
1630597413.558773 -20.873586 -4.125067 -0.105613 -0.095079 0.995262 0.018763 0.007805
1630597413.808767 -22.610334 -4.411778 -0.147131 -0.096273 0.995215 0.014682 0.007942
1630597414.058138 -24.382985 -4.709723 -0.191371 -0.098639 0.995025 0.010557 0.009176
1630597414.307545 -26.173138 -5.020522 -0.235312 -0.101872 0.994768 0.005025 0.005695
1630597414.557500 -28.007999 -5.375776 -0.272419 -0.105106 0.994426 0.006175 0.005581
1630597414.806875 -29.865555 -5.758385 -0.305008 -0.108491 0.994041 0.009297 0.005127
1630597415.056871 -31.732979 -6.166771 -0.336025 -0.111696 0.993647 0.013803 0.000175
1630597415.307491 -33.638702 -6.591025 -0.354913 -0.114195 0.993289 0.018294 0.001612
1630597415.558110 -35.554457 -7.025080 -0.379210 -0.115789 0.993005 0.022625 0.004679
1630597415.808107 -37.434373 -7.439434 -0.405914 -0.115408 0.993047 0.023020 -0.002891
1630597416.058101 -39.343413 -7.863198 -0.414810 -0.116054 0.992923 0.025215 -0.000594
1630597416.308723 -41.266258 -8.288210 -0.432228 -0.116250 0.992843 0.026608 0.006389
1630597416.558719 -43.133715 -8.685742 -0.466419 -0.117854 0.992776 0.022506 0.000260
1630597416.808713 -45.012182 -9.089431 -0.482320 -0.120568 0.992531 0.018531 0.001574
1630597417.058084 -46.858401 -9.514254 -0.494456 -0.123825 0.992159 0.016981 0.000642
1630597417.306830 -48.655291 -9.939121 -0.507246 -0.127066 0.991749 0.015659 -0.006475
1630597417.556825 -50.462511 -10.371371 -0.494083 -0.129611 0.991471 0.013143 -0.003733
1630597417.806812 -52.224202 -10.809607 -0.489808 -0.131583 0.991213 0.013249 -0.002541
1630597418.057526 -53.944983 -11.223628 -0.490716 -0.131740 0.991240 0.009290 -0.001212
1630597418.307447 -55.580744 -11.648308 -0.490022 -0.129655 0.991458 0.013739 -0.003538
1630597418.557434 -57.162713 -12.025560 -0.483432 -0.124598 0.992106 0.013988 -0.002287
1630597418.807430 -58.661269 -12.364738 -0.479093 -0.115270 0.993206 0.015458 -0.003865
1630597419.058045 -60.092136 -12.644301 -0.472902 -0.101635 0.994681 0.016196 -0.004196
1630597419.308046 -61.440541 -12.852205 -0.461308 -0.083643 0.996364 0.015853 -0.003216
1630597419.558043 -62.705840 -12.990331 -0.454560 -0.061149 0.998005 0.015680 -0.001354
1630597419.808038 -63.900909 -13.050226 -0.448437 -0.034054 0.999312 0.014685 -0.000288
1630597420.058131 -65.046322 -13.074999 -0.447495 -0.003717 0.999727 0.023054 0.000526
1630597420.308039 -66.153882 -12.975520 -0.445932 0.030426 0.999327 0.020489 0.000257
1630597420.558026 -67.251686 -12.844538 -0.452337 0.070598 0.997052 0.029806 0.003968
1630597420.808021 -68.311640 -12.571449 -0.450061 0.120003 0.992271 0.029762 0.010576
1630597421.058081 -69.312483 -12.200762 -0.458527 0.175573 0.983770 0.033794 0.015096
1630597421.308013 -70.240080 -11.718285 -0.471043 0.231881 0.971921 0.036044 0.017374
1630597421.558009 -71.085663 -11.116217 -0.485069 0.290416 0.956098 0.034129 0.019274
1630597421.807375 -71.864574 -10.434455 -0.497213 0.347464 0.936730 0.036282 0.022121
1630597422.056809 -72.574451 -9.647618 -0.510250 0.403282 0.913878 0.038244 0.026986
1630597422.307410 -73.177020 -8.752757 -0.523417 0.455868 0.888960 0.037070 0.023695
1630597422.557368 -73.718705 -7.772735 -0.536707 0.503283 0.862903 0.039810 0.022797
1630597422.807360 -74.168596 -6.696411 -0.536526 0.542779 0.838769 0.038212 0.019929
1630597423.056795 -74.542665 -5.544997 -0.527243 0.569802 0.820983 0.033237 0.014379
1630597423.307352 -74.917070 -4.332509 -0.520965 0.587343 0.808545 0.033099 0.013684
1630597423.556724 -75.252513 -3.044185 -0.508403 0.596816 0.801836 0.026640 0.012664
1630597423.806721 -75.616427 -1.703698 -0.501611 0.600765 0.798856 0.026605 0.014215
1630597424.057397 -75.988287 -0.306034 -0.503695 0.603315 0.796876 0.028375 0.013968
1630597424.307338 -76.365508 1.160757 -0.499780 0.606519 0.794418 0.028419 0.015064
1630597424.557960 -76.732515 2.682332 -0.493505 0.609764 0.791967 0.029512 0.010268
1630597424.807960 -77.098311 4.270041 -0.478324 0.613451 0.789191 0.028089 0.008136
1630597425.058015 -77.461783 5.903399 -0.452926 0.617228 0.786382 0.022132 0.011976
1630597425.307946 -77.814297 7.523478 -0.444781 0.620591 0.783735 0.021954 0.012037
1630597425.557943 -78.151067 9.143366 -0.434130 0.623182 0.781669 0.023867 0.008255
1630597425.807939 -78.485295 10.782291 -0.420034 0.626238 0.779195 0.024865 0.007873
1630597426.057966 -78.803237 12.444396 -0.392212 0.628884 0.777164 0.020121 0.010775
1630597426.307931 -79.113434 14.073286 -0.382111 0.632400 0.774241 0.023223 0.009032
1630597426.558551 -79.403367 15.716143 -0.365193 0.637165 0.770310 0.023166 0.010289
1630597426.808550 -79.658204 17.342559 -0.342073 0.644586 0.764122 0.023404 0.008885
1630597427.058598 -79.890743 18.985701 -0.331424 0.654182 0.755841 0.022686 0.015378
1630597427.307913 -80.049670 20.635454 -0.317930 0.664535 0.746877 0.013890 0.019364
1630597427.557284 -80.161275 22.276636 -0.343696 0.674303 0.738093 0.006581 0.022144
1630597427.806653 -80.203957 23.876758 -0.370077 0.681986 0.731275 0.002038 0.011290
1630597428.056030 -80.258762 25.478868 -0.409330 0.684690 0.728804 0.003266 0.005836
1630597428.306035 -80.335181 27.146029 -0.421253 0.682998 0.730290 -0.002230 0.013616
1630597428.556645 -80.435131 28.810208 -0.468118 0.677935 0.734998 -0.002248 0.013307
1630597428.806645 -80.551874 30.471626 -0.505279 0.672414 0.740145 0.003237 0.005854
1630597429.057267 -80.706863 32.132267 -0.521483 0.665157 0.746404 0.018945 -0.009383
1630597429.307256 -80.902290 33.920250 -0.466814 0.658031 0.752880 0.012601 -0.002610
1630597429.557258 -81.154473 35.708711 -0.441340 0.650977 0.758930 0.015902 0.000935
1630597429.807885 -81.422305 37.537152 -0.426048 0.645095 0.763965 0.014322 0.002226
1630597430.057876 -81.719981 39.370697 -0.405689 0.640477 0.767829 0.014926 0.002211
1630597430.308500 -82.028420 41.206922 -0.386126 0.637510 0.770262 0.016613 -0.000991
1630597430.558489 -82.348034 43.045632 -0.350844 0.635298 0.772083 0.016753 -0.001883
1630597430.808487 -82.672824 44.888240 -0.317266 0.633783 0.773396 0.013261 -0.001188
