1630597331.060160 0.000000 0.000000 0.000000 0.000000 0.000000 0.000000 1.000000
1630597331.310779 0.000158 0.009962 0.000000 0.000000 0.000000 -0.001600 0.999999
1630597331.560759 0.001473 0.003612 0.000000 0.000000 0.000000 -0.003192 0.999995
1630597331.811377 0.090946 -0.048872 0.000000 0.000000 0.000000 -0.003287 0.999995
1630597332.061991 0.114099 -0.061675 0.000000 0.000000 0.000000 -0.003890 0.999992
1630597332.311983 0.134168 -0.112308 0.000000 0.000000 0.000000 -0.003474 0.999994
1630597332.561966 0.119494 -0.091118 0.000000 0.000000 0.000000 -0.004042 0.999992
1630597332.811958 0.120531 -0.166882 0.000000 0.000000 0.000000 -0.004184 0.999991
1630597333.060689 0.134809 -0.161987 0.000000 0.000000 0.000000 -0.004703 0.999989
1630597333.310682 0.133674 -0.157103 0.000000 0.000000 0.000000 -0.003215 0.999995
1630597333.560044 0.122028 -0.158572 0.000000 0.000000 0.000000 -0.002050 0.999998
1630597333.809408 0.142741 -0.178586 0.000000 0.000000 0.000000 -0.000868 1.000000
1630597334.060017 0.095730 -0.134853 0.000000 0.000000 0.000000 -0.001756 0.999998
1630597334.310677 0.086701 -0.152433 0.000000 0.000000 0.000000 -0.001662 0.999999
1630597334.560616 0.084778 -0.159919 0.000000 0.000000 0.000000 -0.002334 0.999997
1630597334.811232 0.092489 -0.163391 0.000000 0.000000 0.000000 -0.003441 0.999994
1630597335.061215 0.084376 -0.155246 0.000000 0.000000 0.000000 -0.001358 0.999999
1630597335.311212 0.052574 -0.097431 0.000000 0.000000 0.000000 -0.002997 0.999996
1630597335.561194 0.088873 -0.145670 0.000000 0.000000 0.000000 -0.004263 0.999991
1630597335.810561 0.069084 -0.132102 0.000000 0.000000 0.000000 -0.001550 0.999999
1630597336.059931 0.151913 -0.144199 0.000000 0.000000 0.000000 -0.000211 1.000000
1630597336.309291 0.208010 -0.169984 0.000000 0.000000 0.000000 0.001057 0.999999
1630597336.559902 0.345490 -0.201043 0.000000 0.000000 0.000000 0.004016 0.999992
1630597336.809892 0.551340 -0.097478 0.000000 0.000000 0.000000 0.011305 0.999936
1630597337.060502 0.794520 -0.102047 0.000000 0.000000 0.000000 0.022855 0.999739
1630597337.311761 1.100568 -0.146319 0.000000 0.000000 0.000000 0.035707 0.999362
1630597337.561755 1.405500 -0.119317 0.000000 0.000000 0.000000 0.052966 0.998596
1630597337.811741 1.728823 -0.066837 0.000000 0.000000 0.000000 0.069211 0.997602
1630597338.061110 2.139846 0.038138 0.000000 0.000000 0.000000 0.085064 0.996375
1630597338.309847 2.640846 0.200223 0.000000 0.000000 0.000000 0.098786 0.995109
1630597338.559211 3.146088 0.325066 0.000000 0.000000 0.000000 0.103362 0.994644
1630597338.809175 3.655947 0.469920 0.000000 0.000000 0.000000 0.106163 0.994349
1630597339.058532 4.190880 0.632385 0.000000 0.000000 0.000000 0.106022 0.994364
1630597339.309151 4.807103 0.833819 0.000000 0.000000 0.000000 0.104596 0.994515
1630597339.559766 5.465599 0.999288 0.000000 0.000000 0.000000 0.103303 0.994650
1630597339.810383 6.188385 1.138716 0.000000 0.000000 0.000000 0.102834 0.994699
1630597340.060371 6.997103 1.347078 0.000000 0.000000 0.000000 0.100717 0.994915
1630597340.310995 7.912534 1.485646 0.000000 0.000000 0.000000 0.096632 0.995320
1630597340.561597 8.777607 1.598603 0.000000 0.000000 0.000000 0.090808 0.995868
1630597340.811584 9.521852 1.805736 0.000000 0.000000 0.000000 0.085298 0.996355
1630597341.061571 10.416215 1.854637 0.000000 0.000000 0.000000 0.081007 0.996714
1630597341.310938 11.315513 1.990933 0.000000 0.000000 0.000000 0.078880 0.996884
1630597341.560299 12.243415 2.171463 0.000000 0.000000 0.000000 0.080515 0.996753
1630597341.809669 13.149612 2.344492 0.000000 0.000000 0.000000 0.079934 0.996800
1630597342.059028 14.174854 2.556959 0.000000 0.000000 0.000000 0.078957 0.996878
1630597342.309029 15.191051 2.706215 0.000000 0.000000 0.000000 0.075214 0.997167
1630597342.559015 16.255461 2.899072 0.000000 0.000000 0.000000 0.072013 0.997404
1630597342.810252 17.430908 2.985058 0.000000 0.000000 0.000000 0.068483 0.997652
1630597343.060862 18.527081 3.170207 0.000000 0.000000 0.000000 0.065565 0.997848
1630597343.310853 19.415704 3.212733 0.000000 0.000000 0.000000 0.061777 0.998090
1630597343.561465 20.412861 3.221595 0.000000 0.000000 0.000000 0.057095 0.998369
1630597343.811457 21.494940 3.367033 0.000000 0.000000 0.000000 0.054605 0.998508
1630597344.060817 22.516973 3.517244 0.000000 0.000000 0.000000 0.050101 0.998744
1630597344.310190 23.387923 3.654634 0.000000 0.000000 0.000000 0.044630 0.999004
1630597344.559553 24.434367 3.739426 0.000000 0.000000 0.000000 0.041231 0.999150
1630597344.809541 25.394057 3.739442 0.000000 0.000000 0.000000 0.037042 0.999314
1630597345.059531 26.462753 3.893174 0.000000 0.000000 0.000000 0.035981 0.999352
1630597345.309519 27.479201 4.095475 0.000000 0.000000 0.000000 0.034284 0.999412
1630597345.560134 28.456469 4.139829 0.000000 0.000000 0.000000 0.032857 0.999460
1630597345.810747 29.426045 4.218452 0.000000 0.000000 0.000000 0.030815 0.999525
1630597346.061361 30.458864 4.319201 0.000000 0.000000 0.000000 0.029902 0.999553
1630597346.311356 31.493179 4.324525 0.000000 0.000000 0.000000 0.029891 0.999553
1630597346.561343 32.503371 4.474312 0.000000 0.000000 0.000000 0.028618 0.999590
1630597346.811332 33.400368 4.458820 0.000000 0.000000 0.000000 0.029969 0.999551
1630597347.060701 34.249358 4.474982 0.000000 0.000000 0.000000 0.028934 0.999581
1630597347.310066 35.101039 4.524642 0.000000 0.000000 0.000000 0.027257 0.999628
1630597347.559432 35.986366 4.556847 0.000000 0.000000 0.000000 0.025385 0.999678
1630597347.808792 36.954579 4.649689 0.000000 0.000000 0.000000 0.025471 0.999676
1630597348.058157 37.697062 4.663275 0.000000 0.000000 0.000000 0.025334 0.999679
1630597348.308783 38.513985 4.702817 0.000000 0.000000 0.000000 0.025489 0.999675
1630597348.559391 39.418308 4.748306 0.000000 0.000000 0.000000 0.025401 0.999677
1630597348.810000 40.316772 4.792901 0.000000 0.000000 0.000000 0.025694 0.999670
1630597349.060618 41.249876 4.844525 0.000000 0.000000 0.000000 0.028482 0.999594
1630597349.310619 42.035334 4.909203 0.000000 0.000000 0.000000 0.028356 0.999598
1630597349.561224 42.956025 4.919136 0.000000 0.000000 0.000000 0.030048 0.999548
1630597349.810587 43.848032 4.957327 0.000000 0.000000 0.000000 0.030373 0.999539
1630597350.059951 44.626821 5.070946 0.000000 0.000000 0.000000 0.029461 0.999566
1630597350.309948 45.652400 5.188973 0.000000 0.000000 0.000000 0.029954 0.999551
1630597350.559304 46.713232 5.197706 0.000000 0.000000 0.000000 0.029000 0.999579
1630597350.808672 47.716820 5.298566 0.000000 0.000000 0.000000 0.030851 0.999524
1630597351.059289 48.629315 5.414110 0.000000 0.000000 0.000000 0.034718 0.999397
1630597351.309905 49.761892 5.521553 0.000000 0.000000 0.000000 0.035825 0.999358
1630597351.559890 50.769034 5.693792 0.000000 0.000000 0.000000 0.038467 0.999260
1630597351.811131 51.771711 5.839751 0.000000 0.000000 0.000000 0.040163 0.999193
1630597352.061119 52.654778 5.970947 0.000000 0.000000 0.000000 0.042414 0.999100
1630597352.310487 53.609638 5.992827 0.000000 0.000000 0.000000 0.044200 0.999023
1630597352.559855 54.577886 6.078031 0.000000 0.000000 0.000000 0.045433 0.998967
1630597352.809846 55.398395 6.215350 0.000000 0.000000 0.000000 0.043029 0.999074
1630597353.059213 56.123536 6.305965 0.000000 0.000000 0.000000 0.038330 0.999265
1630597353.309203 56.805580 6.442090 0.000000 0.000000 0.000000 0.036883 0.999320
1630597353.559814 57.585646 6.531730 0.000000 0.000000 0.000000 0.035994 0.999352
1630597353.809807 58.312431 6.566481 0.000000 0.000000 0.000000 0.033498 0.999439
1630597354.060422 59.010703 6.649861 0.000000 0.000000 0.000000 0.028329 0.999599
1630597354.311033 59.735088 6.728173 0.000000 0.000000 0.000000 0.024747 0.999694
1630597354.561026 60.503415 6.754219 0.000000 0.000000 0.000000 0.017698 0.999843
1630597354.810391 61.252968 6.851212 0.000000 0.000000 0.000000 0.012822 0.999918
1630597355.060382 62.202340 6.959332 0.000000 0.000000 0.000000 0.005360 0.999986
1630597355.309748 63.084900 6.992445 0.000000 0.000000 0.000000 0.002462 0.999997
1630597355.559113 64.227697 6.976891 0.000000 0.000000 0.000000 -0.002535 0.999997
1630597355.809107 65.357563 6.979688 0.000000 0.000000 0.000000 -0.005740 0.999984
1630597356.059099 66.638378 6.910072 0.000000 0.000000 0.000000 -0.009437 0.999955
1630597356.309111 67.894664 6.860776 0.000000 0.000000 0.000000 -0.012616 0.999920
1630597356.559076 69.207191 6.862375 0.000000 0.000000 0.000000 -0.018714 0.999825
1630597356.809695 70.409572 6.709124 0.000000 0.000000 0.000000 -0.022159 0.999754
1630597357.060316 71.536844 6.609037 0.000000 0.000000 0.000000 -0.028735 0.999587
1630597357.310919 72.833556 6.682525 0.000000 0.000000 0.000000 -0.031526 0.999503
1630597357.560914 73.903996 6.684548 0.000000 0.000000 0.000000 -0.035696 0.999363
1630597357.810284 75.248004 6.671369 0.000000 0.000000 0.000000 -0.041971 0.999119
1630597358.059650 76.551046 6.594965 0.000000 0.000000 0.000000 -0.046562 0.998915
1630597358.309647 77.926559 6.425203 0.000000 0.000000 0.000000 -0.046312 0.998927
1630597358.559018 79.337028 6.359731 0.000000 0.000000 0.000000 -0.045844 0.998949
1630597358.808993 80.767908 6.265904 0.000000 0.000000 0.000000 -0.043746 0.999043
1630597359.058991 82.248626 6.164605 0.000000 0.000000 0.000000 -0.034516 0.999404
1630597359.308977 83.629805 6.100660 0.000000 0.000000 0.000000 -0.021758 0.999763
1630597359.559597 85.126671 6.126127 0.000000 0.000000 0.000000 -0.008770 0.999962
1630597359.810208 86.670631 6.244274 0.000000 0.000000 0.000000 0.008075 0.999967
1630597360.060822 88.106235 6.309262 0.000000 0.000000 0.000000 0.021058 0.999778
1630597360.310813 89.697993 6.505226 0.000000 0.000000 0.000000 0.034868 0.999392
1630597360.560178 91.194456 6.666233 0.000000 0.000000 0.000000 0.050872 0.998705
1630597360.809549 92.716829 6.893917 0.000000 0.000000 0.000000 0.070394 0.997519
1630597361.060165 94.292629 7.212223 0.000000 0.000000 0.000000 0.090604 0.995887
1630597361.309530 95.835640 7.652480 0.000000 0.000000 0.000000 0.114156 0.993463
1630597361.559517 97.451082 8.203952 0.000000 0.000000 0.000000 0.136503 0.990640
1630597361.809512 99.123082 8.728801 0.000000 0.000000 0.000000 0.158744 0.987320
1630597362.060125 100.666860 9.384408 0.000000 0.000000 0.000000 0.185262 0.982689
1630597362.310745 102.197823 10.093054 0.000000 0.000000 0.000000 0.207703 0.978192
1630597362.560113 103.715410 10.935477 0.000000 0.000000 0.000000 0.231989 0.972718
1630597362.810101 105.152916 11.816140 0.000000 0.000000 0.000000 0.256541 0.966533
1630597363.059468 106.588157 12.723309 0.000000 0.000000 0.000000 0.278913 0.960316
1630597363.308835 107.937361 13.727365 0.000000 0.000000 0.000000 0.305994 0.952033
1630597363.558825 109.163309 14.740396 0.000000 0.000000 0.000000 0.336246 0.941774
1630597363.808191 110.425865 15.789242 0.000000 0.000000 0.000000 0.367710 0.929941
1630597364.058183 111.614163 17.157051 0.000000 0.000000 0.000000 0.402247 0.915531
1630597364.308178 112.730903 18.523978 0.000000 0.000000 0.000000 0.435532 0.900173
1630597364.558161 113.685410 19.958566 0.000000 0.000000 0.000000 0.463558 0.886067
1630597364.808780 114.584487 21.517492 0.000000 0.000000 0.000000 0.490541 0.871418
1630597365.058772 115.371074 23.128191 0.000000 0.000000 0.000000 0.508159 0.861264
1630597365.308765 116.097674 24.854846 0.000000 0.000000 0.000000 0.524734 0.851266
1630597365.559382 116.757290 26.564061 0.000000 0.000000 0.000000 0.538496 0.842628
1630597365.809370 117.526562 28.353361 0.000000 0.000000 0.000000 0.548898 0.835889
1630597366.059986 118.407905 30.225148 0.000000 0.000000 0.000000 0.556244 0.831019
1630597366.309983 119.166316 32.153710 0.000000 0.000000 0.000000 0.562758 0.826622
1630597366.559971 119.822007 34.045414 0.000000 0.000000 0.000000 0.567116 0.823638
1630597366.809337 120.446550 35.940839 0.000000 0.000000 0.000000 0.564857 0.825189
1630597367.058702 121.120522 37.840273 0.000000 0.000000 0.000000 0.562329 0.826914
1630597367.308698 121.869178 39.798853 0.000000 0.000000 0.000000 0.556435 0.830891
1630597367.558687 122.603951 41.751235 0.000000 0.000000 0.000000 0.546798 0.837264
1630597367.809303 123.396053 43.551907 0.000000 0.000000 0.000000 0.536518 0.843889
1630597368.059293 124.316894 45.409648 0.000000 0.000000 0.000000 0.527812 0.849361
1630597368.309908 125.068686 47.303113 0.000000 0.000000 0.000000 0.518684 0.854966
1630597368.559906 125.985173 49.153487 0.000000 0.000000 0.000000 0.508054 0.861325
1630597368.809890 126.866369 50.982040 0.000000 0.000000 0.000000 0.500493 0.865740
1630597369.059264 127.887352 52.701840 0.000000 0.000000 0.000000 0.490534 0.871422
1630597369.308627 128.912227 54.495868 0.000000 0.000000 0.000000 0.481341 0.876533
1630597369.558623 130.025815 56.207841 0.000000 0.000000 0.000000 0.472277 0.881450
1630597369.808615 131.064753 57.820426 0.000000 0.000000 0.000000 0.462742 0.886493
1630597370.059228 132.207612 59.484451 0.000000 0.000000 0.000000 0.451788 0.892125
1630597370.309846 133.401135 61.066769 0.000000 0.000000 0.000000 0.441251 0.897384
1630597370.560463 134.656319 62.745715 0.000000 0.000000 0.000000 0.431241 0.902237
1630597370.810453 135.775319 64.167686 0.000000 0.000000 0.000000 0.421235 0.906952
1630597371.059820 137.109817 65.676816 0.000000 0.000000 0.000000 0.412684 0.910874
1630597371.309194 138.351478 67.030904 0.000000 0.000000 0.000000 0.403942 0.914785
1630597371.558561 139.602546 68.395648 0.000000 0.000000 0.000000 0.394942 0.918706
1630597371.807929 140.944251 69.678884 0.000000 0.000000 0.000000 0.386196 0.922417
1630597372.057918 142.317477 71.037411 0.000000 0.000000 0.000000 0.374452 0.927246
1630597372.307923 143.494335 72.314951 0.000000 0.000000 0.000000 0.361366 0.932424
1630597372.558525 144.825152 73.421634 0.000000 0.000000 0.000000 0.351125 0.936328
1630597372.809144 146.049175 74.423758 0.000000 0.000000 0.000000 0.336719 0.941605
1630597373.059135 147.142024 75.339650 0.000000 0.000000 0.000000 0.315250 0.949009
1630597373.309759 148.316445 76.149903 0.000000 0.000000 0.000000 0.283002 0.959119
1630597373.560371 149.398831 76.816485 0.000000 0.000000 0.000000 0.241432 0.970418
1630597373.810366 150.644346 77.306694 0.000000 0.000000 0.000000 0.196241 0.980556
1630597374.060355 151.774586 77.759466 0.000000 0.000000 0.000000 0.147076 0.989125
1630597374.310356 152.645522 77.995959 0.000000 0.000000 0.000000 0.091204 0.995832
1630597374.559718 153.531505 78.005366 0.000000 0.000000 0.000000 0.032976 0.999456
1630597374.809086 154.462585 77.942767 0.000000 0.000000 0.000000 -0.029524 0.999564
1630597375.058451 155.256373 77.825290 0.000000 0.000000 0.000000 -0.097009 0.995284
1630597375.308444 156.014167 77.535348 0.000000 0.000000 0.000000 -0.168377 0.985723
1630597375.558435 156.744092 77.263940 0.000000 0.000000 0.000000 -0.242862 0.970061
1630597375.808431 157.340558 76.847287 0.000000 0.000000 0.000000 -0.323615 0.946189
1630597376.059671 157.748604 76.203812 0.000000 0.000000 0.000000 -0.398851 0.917016
1630597376.310288 158.074975 75.654615 0.000000 0.000000 0.000000 -0.469874 0.882733
1630597376.560284 158.434324 75.036046 0.000000 0.000000 0.000000 -0.539621 0.841908
1630597376.810277 158.608347 74.203280 0.000000 0.000000 0.000000 -0.605555 0.795803
1630597377.060267 158.693394 73.507288 0.000000 0.000000 0.000000 -0.668174 0.744005
1630597377.309638 158.743904 72.815758 0.000000 0.000000 0.000000 -0.729365 0.684124
1630597377.559004 158.564523 72.157003 0.000000 0.000000 0.000000 -0.788931 0.614482
1630597377.808365 158.205764 71.478922 0.000000 0.000000 0.000000 -0.841788 0.539809
1630597378.057737 157.674597 70.650492 0.000000 0.000000 0.000000 0.885020 -0.465552
1630597378.308359 156.870740 69.930606 0.000000 0.000000 0.000000 0.919576 -0.392912
1630597378.558973 155.837736 69.093126 0.000000 0.000000 0.000000 0.944274 -0.329161
1630597378.810215 154.809157 68.366542 0.000000 0.000000 0.000000 0.961865 -0.273526
1630597379.060831 153.745163 67.734432 0.000000 0.000000 0.000000 0.974146 -0.225921
1630597379.311452 152.470052 67.110514 0.000000 0.000000 0.000000 0.980943 -0.194297
1630597379.560820 151.180291 66.603831 0.000000 0.000000 0.000000 0.985117 -0.171883
1630597379.810190 149.733706 66.121339 0.000000 0.000000 0.000000 0.987282 -0.158981
1630597380.059559 148.544701 65.633678 0.000000 0.000000 0.000000 0.987883 -0.155202
1630597380.308935 147.082371 65.171717 0.000000 0.000000 0.000000 0.987558 -0.157252
1630597380.558292 145.668358 64.559672 0.000000 0.000000 0.000000 0.985647 -0.168817
1630597380.807658 144.205406 63.979134 0.000000 0.000000 0.000000 0.983329 -0.181836
1630597381.057649 142.787823 63.422082 0.000000 0.000000 0.000000 0.979905 -0.199463
1630597381.308272 141.335766 62.746057 0.000000 0.000000 0.000000 0.974747 -0.223312
1630597381.558889 139.800110 61.898838 0.000000 0.000000 0.000000 0.969183 -0.246341
1630597381.808878 138.485857 61.064937 0.000000 0.000000 0.000000 0.962619 -0.270858
1630597382.059503 137.035878 60.082041 0.000000 0.000000 0.000000 0.955424 -0.295237
1630597382.309500 135.650396 59.000413 0.000000 0.000000 0.000000 0.947752 -0.319008
1630597382.559486 134.292479 57.908714 0.000000 0.000000 0.000000 0.939743 -0.341881
1630597382.808850 133.000595 56.774080 0.000000 0.000000 0.000000 0.930679 -0.365837
1630597383.058223 131.667354 55.510161 0.000000 0.000000 0.000000 0.920902 -0.389795
1630597383.308212 130.489628 54.152383 0.000000 0.000000 0.000000 0.910491 -0.413530
1630597383.558204 129.329364 52.653074 0.000000 0.000000 0.000000 0.900430 -0.435002
1630597383.808198 128.359649 51.081414 0.000000 0.000000 0.000000 0.890675 -0.454642
1630597384.058814 127.378231 49.592802 0.000000 0.000000 0.000000 0.879925 -0.475113
1630597384.310061 126.567838 48.026056 0.000000 0.000000 0.000000 0.869123 -0.494595
1630597384.560055 125.704238 46.439523 0.000000 0.000000 0.000000 -0.858335 0.513090
1630597384.810044 124.835729 44.853689 0.000000 0.000000 0.000000 -0.849812 0.527086
1630597385.059412 124.009974 43.357582 0.000000 0.000000 0.000000 -0.843235 0.537545
1630597385.309423 123.392992 41.969744 0.000000 0.000000 0.000000 -0.836707 0.547651
1630597385.558777 122.870038 40.517322 0.000000 0.000000 0.000000 -0.831814 0.555054
1630597385.808146 122.307603 39.093877 0.000000 0.000000 0.000000 -0.827308 0.561749
1630597386.057514 121.650457 37.542724 0.000000 0.000000 0.000000 -0.825177 0.564874
1630597386.307507 120.961321 36.060438 0.000000 0.000000 0.000000 -0.823965 0.566641
1630597386.558124 120.389230 34.577242 0.000000 0.000000 0.000000 -0.825138 0.564931
1630597386.808742 119.780890 33.099304 0.000000 0.000000 0.000000 -0.826323 0.563196
1630597387.059361 119.132796 31.576928 0.000000 0.000000 0.000000 -0.827468 0.561513
1630597387.309977 118.599058 30.035237 0.000000 0.000000 0.000000 -0.829502 0.558504
1630597387.559974 117.991901 28.402607 0.000000 0.000000 0.000000 -0.831718 0.555198
1630597387.809968 117.358053 26.996126 0.000000 0.000000 0.000000 -0.833393 0.552681
1630597388.059333 116.639208 25.581170 0.000000 0.000000 0.000000 -0.836994 0.547212
1630597388.308711 115.808175 24.051791 0.000000 0.000000 0.000000 -0.842873 0.538112
1630597388.558073 114.901253 22.546806 0.000000 0.000000 0.000000 -0.850097 0.526627
1630597388.807441 114.120234 21.116736 0.000000 0.000000 0.000000 -0.859873 0.510508
1630597389.057434 113.247524 19.780097 0.000000 0.000000 0.000000 0.869021 -0.494775
1630597389.307430 112.201593 18.507871 0.000000 0.000000 0.000000 0.880744 -0.473593
1630597389.558045 111.211445 17.289377 0.000000 0.000000 0.000000 0.893838 -0.448389
1630597389.808663 110.133450 16.154546 0.000000 0.000000 0.000000 0.906765 -0.421636
1630597390.059284 109.089846 15.254130 0.000000 0.000000 0.000000 0.918090 -0.396372
1630597390.309948 107.850269 14.114753 0.000000 0.000000 0.000000 0.932109 -0.362177
1630597390.559270 106.592901 13.261838 0.000000 0.000000 0.000000 0.943218 -0.332174
1630597390.809262 105.349961 12.359656 0.000000 0.000000 0.000000 0.952125 -0.305708
1630597391.058629 103.986046 11.461876 0.000000 0.000000 0.000000 0.959848 -0.280522
1630597391.308005 102.680021 10.590212 0.000000 0.000000 0.000000 0.966163 -0.257933
1630597391.557993 101.190145 9.793447 0.000000 0.000000 0.000000 0.972905 -0.231207
1630597391.808617 99.822415 9.025380 0.000000 0.000000 0.000000 0.978499 -0.206251
1630597392.059232 98.405287 8.423262 0.000000 0.000000 0.000000 0.983463 -0.181111
1630597392.309852 97.037384 8.000241 0.000000 0.000000 0.000000 0.987593 -0.157034
1630597392.559846 95.650565 7.515352 0.000000 0.000000 0.000000 0.991320 -0.131468
1630597392.809841 94.238310 7.139104 0.000000 0.000000 0.000000 0.994078 -0.108669
1630597393.058579 92.772659 6.766603 0.000000 0.000000 0.000000 0.996252 -0.086503
1630597393.307950 91.233608 6.527712 0.000000 0.000000 0.000000 0.998130 -0.061129
1630597393.557320 89.711810 6.303624 0.000000 0.000000 0.000000 0.999197 -0.040077
1630597393.807315 88.254693 6.291860 0.000000 0.000000 0.000000 0.999767 -0.021594
1630597394.057927 86.695361 6.286508 0.000000 0.000000 0.000000 0.999961 -0.008868
1630597394.308547 85.196101 6.240135 0.000000 0.000000 0.000000 0.999999 0.001535
1630597394.559166 83.815928 6.383330 0.000000 0.000000 0.000000 0.999961 0.008845
1630597394.809783 82.511688 6.322228 0.000000 0.000000 0.000000 0.999901 0.014045
1630597395.060408 81.232149 6.392623 0.000000 0.000000 0.000000 0.999912 0.013282
1630597395.309777 79.768556 6.395750 0.000000 0.000000 0.000000 0.999880 0.015459
1630597395.559770 78.276430 6.469283 0.000000 0.000000 0.000000 0.999881 0.015399
1630597395.809135 76.889584 6.493347 0.000000 0.000000 0.000000 0.999921 0.012555
1630597396.058507 75.502429 6.510429 0.000000 0.000000 0.000000 0.999961 0.008852
1630597396.307891 74.237749 6.503159 0.000000 0.000000 0.000000 0.999974 0.007240
1630597396.557868 73.037943 6.497690 0.000000 0.000000 0.000000 0.999983 0.005824
1630597396.807863 72.103428 6.445913 0.000000 0.000000 0.000000 0.999996 0.002773
1630597397.058483 71.019595 6.455108 0.000000 0.000000 0.000000 0.999999 -0.001074
1630597397.309106 69.945625 6.402785 0.000000 0.000000 0.000000 0.999997 -0.002341
1630597397.559719 69.068477 6.364755 0.000000 0.000000 0.000000 0.999995 -0.003286
1630597397.809722 68.127635 6.319800 0.000000 0.000000 0.000000 0.999986 -0.005336
1630597398.059706 67.201431 6.292979 0.000000 0.000000 0.000000 0.999982 -0.006038
1630597398.309079 66.290093 6.428627 0.000000 0.000000 0.000000 0.999988 -0.004905
1630597398.558445 65.404373 6.441341 0.000000 0.000000 0.000000 0.999983 -0.005802
1630597398.807817 64.648298 6.340094 0.000000 0.000000 0.000000 0.999963 -0.008617
1630597399.057185 63.824149 6.343927 0.000000 0.000000 0.000000 0.999921 -0.012556
1630597399.305930 63.081644 6.239630 0.000000 0.000000 0.000000 0.999852 -0.017177
1630597399.556549 62.297895 6.272161 0.000000 0.000000 0.000000 0.999873 -0.015939
1630597399.806540 61.398236 6.228318 0.000000 0.000000 0.000000 0.999830 -0.018424
1630597400.057160 60.491578 6.261084 0.000000 0.000000 0.000000 0.999779 -0.021030
1630597400.307153 59.583688 6.188908 0.000000 0.000000 0.000000 0.999674 -0.025513
1630597400.557145 58.732692 6.049160 0.000000 0.000000 0.000000 0.999562 -0.029598
1630597400.807763 57.676606 5.962929 0.000000 0.000000 0.000000 0.999390 -0.034927
1630597401.057762 56.603915 5.848922 0.000000 0.000000 0.000000 0.999002 -0.044660
1630597401.308384 55.375831 5.719036 0.000000 0.000000 0.000000 0.998620 -0.052509
1630597401.557753 54.327562 5.602974 0.000000 0.000000 0.000000 0.998348 -0.057453
1630597401.807747 53.068630 5.451566 0.000000 0.000000 0.000000 0.998412 -0.056326
1630597402.058368 51.678539 5.286312 0.000000 0.000000 0.000000 0.998489 -0.054946
1630597402.307737 50.300797 5.091095 0.000000 0.000000 0.000000 0.998605 -0.052807
1630597402.558357 48.881842 4.960164 0.000000 0.000000 0.000000 0.998878 -0.047360
1630597402.808361 47.353492 4.897025 0.000000 0.000000 0.000000 0.999067 -0.043181
1630597403.057724 45.792430 4.791485 0.000000 0.000000 0.000000 0.999216 -0.039592
1630597403.307717 44.147765 4.643126 0.000000 0.000000 0.000000 0.999330 -0.036604
1630597403.557716 42.598414 4.540441 0.000000 0.000000 0.000000 0.999478 -0.032305
1630597403.808330 40.966939 4.411703 0.000000 0.000000 0.000000 0.999431 -0.033744
1630597404.058327 39.394321 4.324733 0.000000 0.000000 0.000000 0.999387 -0.035017
1630597404.308330 37.839183 4.167368 0.000000 0.000000 0.000000 0.999145 -0.041342
1630597404.558315 36.223701 3.917453 0.000000 0.000000 0.000000 0.998910 -0.046685
1630597404.808310 34.495070 3.834711 0.000000 0.000000 0.000000 0.998792 -0.049143
1630597405.058308 32.906350 3.603645 0.000000 0.000000 0.000000 0.998751 -0.049970
1630597405.308302 31.278619 3.394537 0.000000 0.000000 0.000000 0.998622 -0.052470
1630597405.558296 29.536705 3.134322 0.000000 0.000000 0.000000 0.998717 -0.050639
1630597405.808290 28.003325 2.985048 0.000000 0.000000 0.000000 0.998815 -0.048673
1630597406.058288 26.198685 2.747647 0.000000 0.000000 0.000000 0.999006 -0.044565
1630597406.308323 24.495974 2.632935 0.000000 0.000000 0.000000 0.999216 -0.039585
1630597406.558277 22.741435 2.377929 0.000000 0.000000 0.000000 0.999258 -0.038507
1630597406.808901 20.947712 2.309624 0.000000 0.000000 0.000000 0.999289 -0.037713
1630597407.058906 19.236865 2.032202 0.000000 0.000000 0.000000 0.999261 -0.038446
1630597407.308264 17.493649 1.845714 0.000000 0.000000 0.000000 0.999222 -0.039436
1630597407.557633 15.676850 1.705144 0.000000 0.000000 0.000000 0.999207 -0.039814
1630597407.807004 14.001830 1.574777 0.000000 0.000000 0.000000 0.999202 -0.039953
1630597408.056999 12.466842 1.345037 0.000000 0.000000 0.000000 0.999185 -0.040360
1630597408.306995 10.980211 1.249874 0.000000 0.000000 0.000000 0.999124 -0.041856
1630597408.556989 9.466859 1.175854 0.000000 0.000000 0.000000 0.999078 -0.042939
1630597408.807172 7.890096 0.991460 0.000000 0.000000 0.000000 0.999112 -0.042134
1630597409.056977 6.528844 0.851860 0.000000 0.000000 0.000000 0.999129 -0.041719
1630597409.307597 5.138499 0.687763 0.000000 0.000000 0.000000 0.999161 -0.040946
1630597409.557596 3.595299 0.561122 0.000000 0.000000 0.000000 0.999162 -0.040924
1630597409.807600 2.258706 0.433293 0.000000 0.000000 0.000000 0.999156 -0.041065
1630597410.057585 0.920493 0.327387 0.000000 0.000000 0.000000 0.999116 -0.042033
1630597410.307582 -0.411546 0.169616 0.000000 0.000000 0.000000 0.999017 -0.044334
1630597410.558198 -1.951418 0.018758 0.000000 0.000000 0.000000 0.999108 -0.042239
1630597410.808192 -3.283431 -0.110514 0.000000 0.000000 0.000000 0.998988 -0.044979
1630597411.058815 -4.703781 -0.226101 0.000000 0.000000 0.000000 0.998999 -0.044738
1630597411.308187 -6.054219 -0.373203 0.000000 0.000000 0.000000 0.998998 -0.044752
1630597411.558183 -7.357739 -0.504028 0.000000 0.000000 0.000000 0.998954 -0.045728
1630597411.808179 -8.964916 -0.650501 0.000000 0.000000 0.000000 0.999074 -0.043035
1630597412.058174 -10.563994 -0.795898 0.000000 0.000000 0.000000 0.999170 -0.040726
1630597412.308178 -11.989593 -0.923967 0.000000 0.000000 0.000000 0.999172 -0.040680
1630597412.558164 -13.595398 -1.080122 0.000000 0.000000 0.000000 0.999176 -0.040582
1630597412.808785 -15.349758 -1.272440 0.000000 0.000000 0.000000 0.999178 -0.040528
1630597413.058777 -17.012103 -1.528895 0.000000 0.000000 0.000000 0.999123 -0.041861
1630597413.308776 -18.693610 -1.702792 0.000000 0.000000 0.000000 0.999063 -0.043284
1630597413.558773 -20.320844 -1.809826 0.000000 0.000000 0.000000 0.999091 -0.042622
1630597413.808767 -22.139547 -2.010032 0.000000 0.000000 0.000000 0.999090 -0.042646
1630597414.058138 -24.077587 -2.110440 0.000000 0.000000 0.000000 0.999215 -0.039615
1630597414.307545 -25.909479 -2.324056 0.000000 0.000000 0.000000 0.999360 -0.035773
1630597414.557500 -27.757783 -2.455661 0.000000 0.000000 0.000000 0.999477 -0.032352
1630597414.806875 -29.655654 -2.512140 0.000000 0.000000 0.000000 0.999609 -0.027958
1630597415.056871 -31.587959 -2.619324 0.000000 0.000000 0.000000 0.999638 -0.026891
1630597415.307491 -33.562505 -2.750368 0.000000 0.000000 0.000000 0.999702 -0.024414
1630597415.558110 -35.532313 -2.790350 0.000000 0.000000 0.000000 0.999702 -0.024417
1630597415.808107 -37.508692 -2.919797 0.000000 0.000000 0.000000 0.999738 -0.022897
1630597416.058101 -39.326598 -3.051331 0.000000 0.000000 0.000000 0.999714 -0.023899
1630597416.308723 -41.190714 -3.258398 0.000000 0.000000 0.000000 0.999702 -0.024405
1630597416.558719 -43.087472 -3.403222 0.000000 0.000000 0.000000 0.999697 -0.024612
1630597416.808713 -44.995098 -3.615700 0.000000 0.000000 0.000000 0.999742 -0.022724
1630597417.058084 -46.824123 -3.686124 0.000000 0.000000 0.000000 0.999846 -0.017546
1630597417.306830 -48.458825 -3.690041 0.000000 0.000000 0.000000 0.999853 -0.017170
1630597417.556825 -50.355017 -3.771079 0.000000 0.000000 0.000000 0.999911 -0.013339
1630597417.806812 -52.212336 -3.880551 0.000000 0.000000 0.000000 0.999925 -0.012219
1630597418.057526 -53.980608 -3.956202 0.000000 0.000000 0.000000 0.999964 -0.008491
1630597418.307447 -55.562074 -4.086047 0.000000 0.000000 0.000000 0.999943 -0.010719
1630597418.557434 -57.273779 -4.056054 0.000000 0.000000 0.000000 0.999863 -0.016546
1630597418.807430 -58.799976 -4.110597 0.000000 0.000000 0.000000 0.999659 -0.026111
1630597419.058045 -60.250506 -4.210824 0.000000 0.000000 0.000000 0.999286 -0.037795
1630597419.308046 -61.731328 -4.565683 0.000000 0.000000 0.000000 0.998374 -0.056995
1630597419.558043 -63.052492 -4.744260 0.000000 0.000000 0.000000 0.996877 -0.078975
1630597419.808038 -64.173400 -5.109216 0.000000 0.000000 0.000000 0.994193 -0.107608
1630597420.058131 -65.285718 -5.510731 0.000000 0.000000 0.000000 0.990397 -0.138249
1630597420.308039 -66.496932 -5.919142 0.000000 0.000000 0.000000 0.985626 -0.168945
1630597420.558026 -67.505356 -6.475423 0.000000 0.000000 0.000000 0.977996 -0.208625
1630597420.808021 -68.502328 -7.045427 0.000000 0.000000 0.000000 0.966678 -0.255995
1630597421.058081 -69.450245 -7.702182 0.000000 0.000000 0.000000 0.951314 -0.308223
1630597421.308013 -70.218533 -8.525134 0.000000 0.000000 0.000000 0.932027 -0.362388
1630597421.558009 -70.939651 -9.321789 0.000000 0.000000 0.000000 0.908108 -0.418736
1630597421.807375 -71.575041 -10.315289 0.000000 0.000000 0.000000 0.882191 -0.470891
1630597422.056809 -72.037234 -11.451371 0.000000 0.000000 0.000000 -0.852885 0.522099
1630597422.307410 -72.383411 -12.501358 0.000000 0.000000 0.000000 -0.821639 0.570009
1630597422.557368 -72.641531 -13.531585 0.000000 0.000000 0.000000 -0.790158 0.612903
1630597422.807360 -72.841468 -14.724070 0.000000 0.000000 0.000000 -0.762915 0.646499
1630597423.056795 -72.930367 -15.799776 0.000000 0.000000 0.000000 -0.742576 0.669762
1630597423.307352 -73.078546 -17.118514 0.000000 0.000000 0.000000 -0.727475 0.686134
1630597423.556724 -73.255047 -18.532264 0.000000 0.000000 0.000000 -0.721710 0.692195
1630597423.806721 -73.250177 -19.873269 0.000000 0.000000 0.000000 -0.717715 0.696337
1630597424.057397 -73.367761 -21.295322 0.000000 0.000000 0.000000 -0.715156 0.698965
1630597424.307338 -73.362487 -22.876137 0.000000 0.000000 0.000000 -0.711439 0.702748
1630597424.557960 -73.357312 -24.469155 0.000000 0.000000 0.000000 -0.708553 0.705658
1630597424.807960 -73.303974 -26.150071 0.000000 0.000000 0.000000 -0.703908 0.710291
1630597425.058015 -73.258940 -27.894050 0.000000 0.000000 0.000000 -0.701039 0.713123
1630597425.307946 -73.261371 -29.583074 0.000000 0.000000 0.000000 -0.697421 0.716661
1630597425.557943 -73.214533 -31.207638 0.000000 0.000000 0.000000 -0.694042 0.719934
1630597425.807939 -73.105678 -32.968882 0.000000 0.000000 0.000000 -0.690585 0.723251
1630597426.057966 -72.998108 -34.667450 0.000000 0.000000 0.000000 -0.686465 0.727163
1630597426.307931 -72.890688 -36.381846 0.000000 0.000000 0.000000 -0.686380 0.727243
1630597426.558551 -72.714202 -38.128238 0.000000 0.000000 0.000000 -0.682600 0.730792
1630597426.808550 -72.475692 -39.776366 0.000000 0.000000 0.000000 -0.676222 0.736698
1630597427.058598 -72.291199 -41.255053 0.000000 0.000000 0.000000 -0.669216 0.743068
1630597427.307913 -72.092993 -43.022515 0.000000 0.000000 0.000000 -0.656995 0.753895
1630597427.557284 -71.702147 -44.709019 0.000000 0.000000 0.000000 -0.648727 0.761022
1630597427.806653 -71.345359 -46.271915 0.000000 0.000000 0.000000 -0.641430 0.767182
1630597428.056030 -71.012413 -47.898406 0.000000 0.000000 0.000000 -0.635231 0.772322
1630597428.306035 -70.567841 -49.601134 0.000000 0.000000 0.000000 -0.639617 0.768694
1630597428.556645 -70.238268 -51.373412 0.000000 0.000000 0.000000 -0.641981 0.766721
1630597428.806645 -69.851845 -53.194003 0.000000 0.000000 0.000000 -0.644172 0.764881
1630597429.057267 -69.590788 -54.859292 0.000000 0.000000 0.000000 -0.648382 0.761316
1630597429.307256 -69.258809 -56.634455 0.000000 0.000000 0.000000 -0.653567 0.756869
1630597429.557258 -69.038360 -58.490597 0.000000 0.000000 0.000000 -0.658621 0.752474
1630597429.807885 -68.740846 -60.365364 0.000000 0.000000 0.000000 -0.662119 0.749399
1630597430.057876 -68.489156 -62.137490 0.000000 0.000000 0.000000 -0.666474 0.745528
1630597430.308500 -68.257281 -63.990491 0.000000 0.000000 0.000000 -0.666967 0.745087
1630597430.558489 -67.985645 -65.959381 0.000000 0.000000 0.000000 -0.669388 0.742913
1630597430.808487 -67.797301 -67.816109 0.000000 0.000000 0.000000 -0.668073 0.744095
